2.65773044786 3.13881605417
2.74659452267 3.09295565503
2.82287885951 3.0282973226
2.85752109663 2.93448945829
2.91138549462 2.85023611041
2.9169330406 2.75039010532
2.91319817371 2.65045987581
2.9515807426 2.55811931914
2.9030736318 2.47067184804
2.93271195666 2.37516493887
2.94562925215 2.27600273096
2.9726616599 2.17972579223
2.92981015908 2.0893723259
2.91294241307 1.99080519576
2.88456808313 1.89491516812
2.92022662241 1.80148889464
2.90922800111 1.70209558335
2.90369574302 1.60224873002
2.92537503595 1.50462696883
2.86852354114 1.42235967559
2.80298363842 1.34683139511
2.7310111297 1.27740547784
2.68641995847 1.18789778293
2.65013555232 1.09471279556
2.57481731809 1.02893161594
2.52956576393 0.939755964295
2.44089668634 0.893519672498
2.42961553067 0.79415803238
2.35419269279 0.72849681456
2.26104680065 0.692112164269
2.16314415557 0.671738846281
2.08098716163 0.614728072325
1.9881037213 0.577678557988
1.90560396232 0.52116493336
1.83170093715 0.453797709351
1.80147142927 0.35847626972
1.71794919793 0.303485026127
1.61794928188 0.303355445727
1.52042704421 0.325478130007
1.42290480654 0.347600814287
1.32538256887 0.369723498567
1.2278603312 0.391846182847
1.13033809353 0.413968867127
1.03281585586 0.436091551407
0.93529361819 0.458214235687
0.83777138052 0.480336919967
0.740249142849 0.502459604247
0.658980376906 0.444189649021
0.561911209213 0.468222474144
0.46484204152 0.492255299268
0.384592197408 0.432589877791
0.288068965704 0.458729230143
0.191545734 0.484868582496
0.095022502296 0.511007934848
0.0261616671327 0.583521281072
0.051263310501 0.680319563599
0.0589784187634 0.780021504927
-0.021132663305 0.839873109165
-0.037499991209 0.938524569251
-0.0847606259617 1.02665193392
-0.146449947193 1.10535662022
-0.22769182898 1.16366405237
-0.314657254177 1.21303018266
-0.353530934912 1.30516506719
-0.415490162117 1.38365745003
-0.515486099714 1.38275608214
-0.615482037311 1.38185471425
-0.715477974908 1.38095334636
-0.815473912505 1.38005197847
-0.915469850102 1.37915061057
-0.989741558778 1.4461111459
-1.0896534747 1.44191483123
-1.18956539062 1.43771851656
-1.26491590508 1.5034627176
-1.36459090085 1.4954069608
-1.42171877272 1.41333134776
-1.5216645135 1.41003758091
-1.58103564394 1.49050539355
-1.68063795744 1.48159589616
-1.78024027095 1.47268639877
-1.87984258446 1.46377690138
-1.96712593311 1.41497508738
-2.06699490931 1.40985770608
-2.13851894168 1.47974556478
-2.23764822975 1.46657801958
-2.33677751782 1.45341047437
-2.43590680589 1.44024292917
-2.53503609396 1.42707538396
-2.63416538203 1.41390783876
-2.7332946701 1.40074029356
-2.83242395817 1.38757274835
-2.92276762689 1.43044490158
-3.00848287685 1.37893863085
-3.04 1.36
