2.66023675722 3.14017811654
2.71139640945 3.0542555352
2.71795124763 2.95447059597
2.76025390472 2.86385886823
2.80468564878 2.77427192655
2.82418524407 2.67619152187
2.86335365846 2.58418154787
2.8898584594 2.48775802623
2.9119610327 2.39023122861
2.95087021538 2.29811133117
2.95973548801 2.19850507163
2.97365804993 2.09947900299
2.95619354063 2.00101585803
2.95271487249 1.90107638201
2.99778107582 1.81180691737
3.00752986101 1.71228324588
2.95225438596 1.62894884807
2.88524846135 1.5547180858
2.80842186952 1.49070500287
2.73327017983 1.42473361864
2.66049528473 1.35614925713
2.62047534555 1.26450644798
2.57603608929 1.17492323247
2.49489765131 1.11647193751
2.40680457703 1.06914741676
2.32654196379 1.00949917357
2.33172961667 0.909633822937
2.29819667449 0.815423729057
2.34823215545 0.728841683317
2.32875553172 0.630756714398
2.30101385584 0.534681746694
2.21578036983 0.482382101733
2.11820683425 0.460486779073
2.02198753462 0.433249922069
1.95966990826 0.355041780266
1.99194819851 0.260394477197
1.94013296724 0.174865641075
1.85436458632 0.12344789284
1.75436826563 0.12430570864
1.6544407569 0.120498741481
1.57312073582 0.0623003379585
1.4788802822 0.0957478625573
1.38132136779 0.117708240915
1.28673431578 0.150162664217
1.18779276869 0.16467370347
1.08968642889 0.1840423919
0.989897819776 0.190541121846
0.902678582757 0.239457424791
0.809636215616 0.276105997979
0.720702690208 0.321831571332
0.629571883789 0.363004087911
0.534615237047 0.394360669989
0.446257239139 0.441188697981
0.350970440664 0.471527221946
0.305068771323 0.560369986152
0.350415097058 0.649497483269
0.344900109194 0.749345292002
0.302096221186 0.839721324065
0.293983334441 0.939391686102
0.239156368322 1.02302184685
0.168477756745 1.09376457697
0.100017044965 1.16665580376
0.0468132115583 1.25132783049
-0.0315470537893 1.31345406339
-0.0956943368035 1.39016863881
-0.165395670876 1.46187445468
-0.212435338108 1.55011996282
-0.164192815605 1.63771367847
-0.130808124978 1.73197640935
-0.089272534873 1.8229423082
-0.110921744869 1.92057074518
-0.0916855985761 2.01870315917
-0.0043245859588 2.06736580886
0.0927033716339 2.09156447505
0.192379267971 2.09960908127
0.286940188092 2.13213956522
0.385420208749 2.14950866224
0.430312387758 2.23886576752
0.432514969129 2.33884150776
0.496193488578 2.4159456332
0.587609279401 2.45648145919
0.683404600626 2.48517390473
0.779199921851 2.51386635028
0.874995243076 2.54255879583
0.970790564301 2.57125124137
1.0 2.58
