   2.6596496e+00   3.1516354e+00
   2.6706930e+00   3.1428397e+00
   2.6808116e+00   3.1342142e+00
   2.6900572e+00   3.1257593e+00
   2.6984816e+00   3.1174751e+00
   2.7061365e+00   3.1093620e+00
   2.7130738e+00   3.1014201e+00
   2.7193451e+00   3.0936497e+00
   2.7250024e+00   3.0860510e+00
   2.7300973e+00   3.0786243e+00
   2.7346817e+00   3.0713697e+00
   2.7388074e+00   3.0642876e+00
   2.7425261e+00   3.0573781e+00
   2.7458896e+00   3.0506416e+00
   2.7489496e+00   3.0440781e+00
   2.7517581e+00   3.0376880e+00
   2.7543667e+00   3.0314716e+00
   2.7568273e+00   3.0254289e+00
   2.7591915e+00   3.0195603e+00
   2.7615113e+00   3.0138661e+00
   2.7638384e+00   3.0083463e+00
   2.7662240e+00   3.0030013e+00
   2.7686955e+00   2.9978266e+00
   2.7712474e+00   2.9928121e+00
   2.7738717e+00   2.9879470e+00
   2.7765605e+00   2.9832205e+00
   2.7793061e+00   2.9786219e+00
   2.7821004e+00   2.9741405e+00
   2.7849357e+00   2.9697656e+00
   2.7878039e+00   2.9654863e+00
   2.7906972e+00   2.9612920e+00
   2.7936078e+00   2.9571720e+00
   2.7965277e+00   2.9531155e+00
   2.7994491e+00   2.9491117e+00
   2.8023640e+00   2.9451500e+00
   2.8052645e+00   2.9412195e+00
   2.8081429e+00   2.9373097e+00
   2.8109911e+00   2.9334096e+00
   2.8138013e+00   2.9295086e+00
   2.8165655e+00   2.9255960e+00
   2.8192760e+00   2.9216611e+00
   2.8219248e+00   2.9176930e+00
   2.8245048e+00   2.9136819e+00
   2.8270156e+00   2.9096261e+00
   2.8294600e+00   2.9055274e+00
   2.8318411e+00   2.9013878e+00
   2.8341619e+00   2.8972096e+00
   2.8364251e+00   2.8929947e+00
   2.8386339e+00   2.8887452e+00
   2.8407912e+00   2.8844631e+00
   2.8428998e+00   2.8801504e+00
   2.8449629e+00   2.8758093e+00
   2.8469832e+00   2.8714418e+00
   2.8489639e+00   2.8670500e+00
   2.8509078e+00   2.8626358e+00
   2.8528178e+00   2.8582014e+00
   2.8546970e+00   2.8537487e+00
   2.8565482e+00   2.8492800e+00
   2.8583746e+00   2.8447971e+00
   2.8601789e+00   2.8403022e+00
   2.8619641e+00   2.8357973e+00
   2.8637333e+00   2.8312845e+00
   2.8654893e+00   2.8267658e+00
   2.8672333e+00   2.8222426e+00
   2.8689620e+00   2.8177149e+00
   2.8706711e+00   2.8131821e+00
   2.8723564e+00   2.8086438e+00
   2.8740137e+00   2.8040995e+00
   2.8756389e+00   2.7995489e+00
   2.8772277e+00   2.7949915e+00
   2.8787758e+00   2.7904268e+00
   2.8802792e+00   2.7858543e+00
   2.8817336e+00   2.7812737e+00
   2.8831348e+00   2.7766846e+00
   2.8844786e+00   2.7720863e+00
   2.8857608e+00   2.7674786e+00
   2.8869772e+00   2.7628610e+00
   2.8881236e+00   2.7582330e+00
   2.8891958e+00   2.7535942e+00
   2.8901896e+00   2.7489441e+00
   2.8911007e+00   2.7442823e+00
   2.8919251e+00   2.7396084e+00
   2.8926584e+00   2.7349219e+00
   2.8932968e+00   2.7302224e+00
   2.8938410e+00   2.7255100e+00
   2.8942966e+00   2.7207853e+00
   2.8946692e+00   2.7160489e+00
   2.8949645e+00   2.7113014e+00
   2.8951883e+00   2.7065434e+00
   2.8953461e+00   2.7017755e+00
   2.8954437e+00   2.6969984e+00
   2.8954867e+00   2.6922126e+00
   2.8954808e+00   2.6874187e+00
   2.8954317e+00   2.6826175e+00
   2.8953451e+00   2.6778094e+00
   2.8952267e+00   2.6729951e+00
   2.8950821e+00   2.6681752e+00
   2.8949170e+00   2.6633504e+00
   2.8947371e+00   2.6585211e+00
   2.8945481e+00   2.6536881e+00
   2.8943556e+00   2.6488519e+00
   2.8941654e+00   2.6440132e+00
   2.8939831e+00   2.6391726e+00
   2.8938144e+00   2.6343306e+00
   2.8936648e+00   2.6294880e+00
   2.8935384e+00   2.6246457e+00
   2.8934393e+00   2.6198050e+00
   2.8933712e+00   2.6149670e+00
   2.8933380e+00   2.6101328e+00
   2.8933435e+00   2.6053036e+00
   2.8933917e+00   2.6004806e+00
   2.8934863e+00   2.5956648e+00
   2.8936312e+00   2.5908575e+00
   2.8938303e+00   2.5860598e+00
   2.8940874e+00   2.5812728e+00
   2.8944064e+00   2.5764977e+00
   2.8947911e+00   2.5717357e+00
   2.8952454e+00   2.5669879e+00
   2.8957732e+00   2.5622554e+00
   2.8963783e+00   2.5575394e+00
   2.8970645e+00   2.5528411e+00
   2.8978358e+00   2.5481616e+00
   2.8986959e+00   2.5435021e+00
   2.8996488e+00   2.5388636e+00
   2.9006983e+00   2.5342475e+00
   2.9018463e+00   2.5296547e+00
   2.9030916e+00   2.5250865e+00
   2.9044326e+00   2.5205440e+00
   2.9058676e+00   2.5160284e+00
   2.9073951e+00   2.5115408e+00
   2.9090132e+00   2.5070824e+00
   2.9107206e+00   2.5026543e+00
   2.9125154e+00   2.4982576e+00
   2.9143960e+00   2.4938936e+00
   2.9163609e+00   2.4895633e+00
   2.9184084e+00   2.4852679e+00
   2.9205368e+00   2.4810086e+00
   2.9227445e+00   2.4767866e+00
   2.9250299e+00   2.4726028e+00
   2.9273914e+00   2.4684586e+00
   2.9298273e+00   2.4643551e+00
   2.9323359e+00   2.4602934e+00
   2.9349157e+00   2.4562746e+00
   2.9375650e+00   2.4523000e+00
   2.9402821e+00   2.4483706e+00
   2.9430653e+00   2.4444874e+00
   2.9459097e+00   2.4406478e+00
   2.9488086e+00   2.4368473e+00
   2.9517553e+00   2.4330812e+00
   2.9547431e+00   2.4293446e+00
   2.9577653e+00   2.4256330e+00
   2.9608151e+00   2.4219416e+00
   2.9638857e+00   2.4182657e+00
   2.9669706e+00   2.4146006e+00
   2.9700628e+00   2.4109416e+00
   2.9731557e+00   2.4072839e+00
   2.9762426e+00   2.4036230e+00
   2.9793168e+00   2.3999540e+00
   2.9823714e+00   2.3962723e+00
   2.9853998e+00   2.3925731e+00
   2.9883952e+00   2.3888518e+00
   2.9913509e+00   2.3851036e+00
   2.9942602e+00   2.3813239e+00
   2.9971164e+00   2.3775079e+00
   2.9999127e+00   2.3736510e+00
   3.0026423e+00   2.3697483e+00
   3.0053013e+00   2.3657972e+00
   3.0078951e+00   2.3618016e+00
   3.0104316e+00   2.3577673e+00
   3.0129186e+00   2.3536998e+00
   3.0153638e+00   2.3496048e+00
   3.0177751e+00   2.3454880e+00
   3.0201602e+00   2.3413549e+00
   3.0225269e+00   2.3372113e+00
   3.0248830e+00   2.3330627e+00
   3.0272363e+00   2.3289148e+00
   3.0295945e+00   2.3247733e+00
   3.0319655e+00   2.3206437e+00
   3.0343570e+00   2.3165318e+00
   3.0367769e+00   2.3124431e+00
   3.0392328e+00   2.3083833e+00
   3.0417327e+00   2.3043580e+00
   3.0442842e+00   2.3003730e+00
   3.0468951e+00   2.2964337e+00
   3.0495734e+00   2.2925459e+00
   3.0523266e+00   2.2887152e+00
   3.0551624e+00   2.2849471e+00
   3.0580792e+00   2.2812416e+00
   3.0610639e+00   2.2775918e+00
   3.0641026e+00   2.2739904e+00
   3.0671814e+00   2.2704301e+00
   3.0702865e+00   2.2669035e+00
   3.0734040e+00   2.2634032e+00
   3.0765201e+00   2.2599220e+00
   3.0796209e+00   2.2564526e+00
   3.0826926e+00   2.2529875e+00
   3.0857213e+00   2.2495195e+00
   3.0886931e+00   2.2460412e+00
   3.0915942e+00   2.2425453e+00
   3.0944108e+00   2.2390244e+00
   3.0971289e+00   2.2354713e+00
   3.0997347e+00   2.2318786e+00
   3.1022143e+00   2.2282389e+00
   3.1045540e+00   2.2245449e+00
   3.1067398e+00   2.2207893e+00
   3.1087579e+00   2.2169648e+00
   3.1105944e+00   2.2130640e+00
   3.1122376e+00   2.2090806e+00
   3.1136913e+00   2.2050153e+00
   3.1149669e+00   2.2008722e+00
   3.1160755e+00   2.1966555e+00
   3.1170286e+00   2.1923693e+00
   3.1178373e+00   2.1880177e+00
   3.1185129e+00   2.1836049e+00
   3.1190667e+00   2.1791350e+00
   3.1195100e+00   2.1746121e+00
   3.1198541e+00   2.1700404e+00
   3.1201101e+00   2.1654240e+00
   3.1202895e+00   2.1607670e+00
   3.1204035e+00   2.1560736e+00
   3.1204633e+00   2.1513478e+00
   3.1204803e+00   2.1465939e+00
   3.1204657e+00   2.1418160e+00
   3.1204307e+00   2.1370181e+00
   3.1203867e+00   2.1322044e+00
   3.1203450e+00   2.1273791e+00
   3.1203167e+00   2.1225463e+00
   3.1203132e+00   2.1177101e+00
   3.1203403e+00   2.1128742e+00
   3.1203902e+00   2.1080413e+00
   3.1204532e+00   2.1032138e+00
   3.1205197e+00   2.0983944e+00
   3.1205800e+00   2.0935856e+00
   3.1206244e+00   2.0887898e+00
   3.1206432e+00   2.0840095e+00
   3.1206268e+00   2.0792473e+00
   3.1205653e+00   2.0745057e+00
   3.1204493e+00   2.0697872e+00
   3.1202689e+00   2.0650943e+00
   3.1200145e+00   2.0604295e+00
   3.1196763e+00   2.0557954e+00
   3.1192448e+00   2.0511945e+00
   3.1187103e+00   2.0466292e+00
   3.1180629e+00   2.0421021e+00
   3.1172931e+00   2.0376157e+00
   3.1163912e+00   2.0331726e+00
   3.1153475e+00   2.0287751e+00
   3.1141522e+00   2.0244260e+00
   3.1127962e+00   2.0201275e+00
   3.1112780e+00   2.0158808e+00
   3.1096032e+00   2.0116859e+00
   3.1077776e+00   2.0075428e+00
   3.1058068e+00   2.0034514e+00
   3.1036968e+00   1.9994115e+00
   3.1014532e+00   1.9954232e+00
   3.0990819e+00   1.9914863e+00
   3.0965886e+00   1.9876009e+00
   3.0939792e+00   1.9837668e+00
   3.0912593e+00   1.9799840e+00
   3.0884348e+00   1.9762524e+00
   3.0855115e+00   1.9725720e+00
   3.0824950e+00   1.9689427e+00
   3.0793913e+00   1.9653643e+00
   3.0762061e+00   1.9618369e+00
   3.0729451e+00   1.9583604e+00
   3.0696142e+00   1.9549348e+00
   3.0662191e+00   1.9515599e+00
   3.0627656e+00   1.9482357e+00
   3.0592595e+00   1.9449621e+00
   3.0557062e+00   1.9417385e+00
   3.0521101e+00   1.9385615e+00
   3.0484749e+00   1.9354269e+00
   3.0448044e+00   1.9323302e+00
   3.0411023e+00   1.9292672e+00
   3.0373727e+00   1.9262337e+00
   3.0336191e+00   1.9232254e+00
   3.0298454e+00   1.9202379e+00
   3.0260555e+00   1.9172670e+00
   3.0222531e+00   1.9143084e+00
   3.0184420e+00   1.9113577e+00
   3.0146261e+00   1.9084108e+00
   3.0108091e+00   1.9054634e+00
   3.0069948e+00   1.9025110e+00
   3.0031871e+00   1.8995496e+00
   2.9993897e+00   1.8965746e+00
   2.9956064e+00   1.8935820e+00
   2.9918411e+00   1.8905674e+00
   2.9880976e+00   1.8875264e+00
   2.9843796e+00   1.8844549e+00
   2.9806909e+00   1.8813485e+00
   2.9770328e+00   1.8782061e+00
   2.9734020e+00   1.8750316e+00
   2.9697951e+00   1.8718293e+00
   2.9662085e+00   1.8686035e+00
   2.9626387e+00   1.8653586e+00
   2.9590821e+00   1.8620991e+00
   2.9555351e+00   1.8588292e+00
   2.9519944e+00   1.8555533e+00
   2.9484563e+00   1.8522758e+00
   2.9449172e+00   1.8490010e+00
   2.9413737e+00   1.8457333e+00
   2.9378223e+00   1.8424771e+00
   2.9342592e+00   1.8392367e+00
   2.9306812e+00   1.8360165e+00
   2.9270845e+00   1.8328209e+00
   2.9234657e+00   1.8296541e+00
   2.9198212e+00   1.8265207e+00
   2.9161475e+00   1.8234248e+00
   2.9124410e+00   1.8203710e+00
   2.9086983e+00   1.8173635e+00
   2.9049161e+00   1.8144062e+00
   2.9010957e+00   1.8114976e+00
   2.8972408e+00   1.8086327e+00
   2.8933554e+00   1.8058067e+00
   2.8894432e+00   1.8030145e+00
   2.8855082e+00   1.8002513e+00
   2.8815543e+00   1.7975120e+00
   2.8775851e+00   1.7947918e+00
   2.8736048e+00   1.7920856e+00
   2.8696170e+00   1.7893886e+00
   2.8656257e+00   1.7866957e+00
   2.8616347e+00   1.7840021e+00
   2.8576479e+00   1.7813028e+00
   2.8536691e+00   1.7785928e+00
   2.8497023e+00   1.7758672e+00
   2.8457512e+00   1.7731211e+00
   2.8418198e+00   1.7703494e+00
   2.8379118e+00   1.7675473e+00
   2.8340313e+00   1.7647098e+00
   2.8301819e+00   1.7618320e+00
   2.8263677e+00   1.7589089e+00
   2.8225919e+00   1.7559365e+00
   2.8188565e+00   1.7529143e+00
   2.8151630e+00   1.7498425e+00
   2.8115130e+00   1.7467210e+00
   2.8079080e+00   1.7435499e+00
   2.8043496e+00   1.7403295e+00
   2.8008394e+00   1.7370597e+00
   2.7973790e+00   1.7337408e+00
   2.7939698e+00   1.7303727e+00
   2.7906134e+00   1.7269556e+00
   2.7873115e+00   1.7234896e+00
   2.7840655e+00   1.7199748e+00
   2.7808771e+00   1.7164113e+00
   2.7777477e+00   1.7127992e+00
   2.7746790e+00   1.7091385e+00
   2.7716725e+00   1.7054295e+00
   2.7687297e+00   1.7016722e+00
   2.7658523e+00   1.6978666e+00
   2.7630417e+00   1.6940130e+00
   2.7602996e+00   1.6901113e+00
   2.7576274e+00   1.6861619e+00
   2.7550214e+00   1.6821690e+00
   2.7524722e+00   1.6781417e+00
   2.7499701e+00   1.6740892e+00
   2.7475053e+00   1.6700210e+00
   2.7450681e+00   1.6659462e+00
   2.7426488e+00   1.6618742e+00
   2.7402376e+00   1.6578142e+00
   2.7378247e+00   1.6537757e+00
   2.7354005e+00   1.6497678e+00
   2.7329551e+00   1.6457999e+00
   2.7304789e+00   1.6418813e+00
   2.7279620e+00   1.6380213e+00
   2.7253948e+00   1.6342292e+00
   2.7227675e+00   1.6305143e+00
   2.7200703e+00   1.6268859e+00
   2.7172935e+00   1.6233533e+00
   2.7144275e+00   1.6199258e+00
   2.7114623e+00   1.6166127e+00
   2.7083883e+00   1.6134233e+00
   2.7051957e+00   1.6103670e+00
   2.7018766e+00   1.6074510e+00
   2.6984350e+00   1.6046694e+00
   2.6948801e+00   1.6020105e+00
   2.6912212e+00   1.5994626e+00
   2.6874673e+00   1.5970142e+00
   2.6836278e+00   1.5946534e+00
   2.6797118e+00   1.5923687e+00
   2.6757285e+00   1.5901484e+00
   2.6716872e+00   1.5879807e+00
   2.6675970e+00   1.5858541e+00
   2.6634671e+00   1.5837569e+00
   2.6593068e+00   1.5816773e+00
   2.6551253e+00   1.5796037e+00
   2.6509317e+00   1.5775245e+00
   2.6467352e+00   1.5754279e+00
   2.6425452e+00   1.5733023e+00
   2.6383707e+00   1.5711360e+00
   2.6342210e+00   1.5689174e+00
   2.6301053e+00   1.5666348e+00
   2.6260327e+00   1.5642765e+00
   2.6220126e+00   1.5618309e+00
   2.6180517e+00   1.5592901e+00
   2.6141518e+00   1.5566553e+00
   2.6103138e+00   1.5539287e+00
   2.6065389e+00   1.5511123e+00
   2.6028280e+00   1.5482084e+00
   2.5991821e+00   1.5452193e+00
   2.5956023e+00   1.5421470e+00
   2.5920895e+00   1.5389938e+00
   2.5886448e+00   1.5357618e+00
   2.5852693e+00   1.5324534e+00
   2.5819638e+00   1.5290705e+00
   2.5787294e+00   1.5256156e+00
   2.5755672e+00   1.5220906e+00
   2.5724781e+00   1.5184979e+00
   2.5694632e+00   1.5148396e+00
   2.5665235e+00   1.5111179e+00
   2.5636600e+00   1.5073350e+00
   2.5608737e+00   1.5034930e+00
   2.5581656e+00   1.4995943e+00
   2.5555368e+00   1.4956409e+00
   2.5529879e+00   1.4916352e+00
   2.5505149e+00   1.4875812e+00
   2.5481096e+00   1.4834841e+00
   2.5457638e+00   1.4793494e+00
   2.5434693e+00   1.4751825e+00
   2.5412180e+00   1.4709887e+00
   2.5390016e+00   1.4667734e+00
   2.5368118e+00   1.4625421e+00
   2.5346406e+00   1.4583000e+00
   2.5324796e+00   1.4540526e+00
   2.5303208e+00   1.4498053e+00
   2.5281558e+00   1.4455635e+00
   2.5259765e+00   1.4413324e+00
   2.5237747e+00   1.4371176e+00
   2.5215421e+00   1.4329244e+00
   2.5192707e+00   1.4287582e+00
   2.5169520e+00   1.4246244e+00
   2.5145780e+00   1.4205284e+00
   2.5121405e+00   1.4164754e+00
   2.5096312e+00   1.4124711e+00
   2.5070419e+00   1.4085206e+00
   2.5043662e+00   1.4046283e+00
   2.5016053e+00   1.4007937e+00
   2.4987629e+00   1.3970148e+00
   2.4958423e+00   1.3932896e+00
   2.4928471e+00   1.3896161e+00
   2.4897809e+00   1.3859924e+00
   2.4866472e+00   1.3824165e+00
   2.4834495e+00   1.3788864e+00
   2.4801913e+00   1.3754002e+00
   2.4768761e+00   1.3719559e+00
   2.4735074e+00   1.3685516e+00
   2.4700889e+00   1.3651852e+00
   2.4666240e+00   1.3618548e+00
   2.4631162e+00   1.3585584e+00
   2.4595690e+00   1.3552941e+00
   2.4559860e+00   1.3520599e+00
   2.4523707e+00   1.3488538e+00
   2.4487267e+00   1.3456739e+00
   2.4450574e+00   1.3425181e+00
   2.4413663e+00   1.3393846e+00
   2.4376570e+00   1.3362714e+00
   2.4339312e+00   1.3331782e+00
   2.4301882e+00   1.3301075e+00
   2.4264270e+00   1.3270618e+00
   2.4226465e+00   1.3240437e+00
   2.4188456e+00   1.3210558e+00
   2.4150234e+00   1.3181008e+00
   2.4111789e+00   1.3151812e+00
   2.4073110e+00   1.3122997e+00
   2.4034187e+00   1.3094588e+00
   2.3995010e+00   1.3066611e+00
   2.3955568e+00   1.3039093e+00
   2.3915852e+00   1.3012059e+00
   2.3875851e+00   1.2985536e+00
   2.3835555e+00   1.2959549e+00
   2.3794954e+00   1.2934124e+00
   2.3754038e+00   1.2909288e+00
   2.3712795e+00   1.2885067e+00
   2.3671217e+00   1.2861486e+00
   2.3629293e+00   1.2838571e+00
   2.3587013e+00   1.2816350e+00
   2.3544371e+00   1.2794838e+00
   2.3501424e+00   1.2773974e+00
   2.3458258e+00   1.2753649e+00
   2.3414960e+00   1.2733754e+00
   2.3371619e+00   1.2714180e+00
   2.3328321e+00   1.2694819e+00
   2.3285155e+00   1.2675561e+00
   2.3242209e+00   1.2656297e+00
   2.3199570e+00   1.2636919e+00
   2.3157325e+00   1.2617318e+00
   2.3115562e+00   1.2597384e+00
   2.3074370e+00   1.2577010e+00
   2.3033835e+00   1.2556085e+00
   2.2994045e+00   1.2534501e+00
   2.2955088e+00   1.2512149e+00
   2.2917052e+00   1.2488920e+00
   2.2880024e+00   1.2464706e+00
   2.2844092e+00   1.2439396e+00
   2.2809344e+00   1.2412883e+00
   2.2775867e+00   1.2385058e+00
   2.2743749e+00   1.2355811e+00
   2.2713029e+00   1.2325087e+00
   2.2683600e+00   1.2292992e+00
   2.2655325e+00   1.2259659e+00
   2.2628072e+00   1.2225226e+00
   2.2601703e+00   1.2189827e+00
   2.2576085e+00   1.2153597e+00
   2.2551082e+00   1.2116672e+00
   2.2526559e+00   1.2079187e+00
   2.2502381e+00   1.2041278e+00
   2.2478414e+00   1.2003080e+00
   2.2454521e+00   1.1964728e+00
   2.2430569e+00   1.1926357e+00
   2.2406421e+00   1.1888104e+00
   2.2381944e+00   1.1850103e+00
   2.2357001e+00   1.1812489e+00
   2.2331458e+00   1.1775399e+00
   2.2305180e+00   1.1738966e+00
   2.2278031e+00   1.1703328e+00
   2.2249878e+00   1.1668618e+00
   2.2220583e+00   1.1634973e+00
   2.2190018e+00   1.1602523e+00
   2.2158172e+00   1.1571280e+00
   2.2125163e+00   1.1541131e+00
   2.2091114e+00   1.1511954e+00
   2.2056151e+00   1.1483628e+00
   2.2020397e+00   1.1456033e+00
   2.1983977e+00   1.1429049e+00
   2.1947016e+00   1.1402553e+00
   2.1909636e+00   1.1376426e+00
   2.1871964e+00   1.1350547e+00
   2.1834122e+00   1.1324795e+00
   2.1796236e+00   1.1299050e+00
   2.1758429e+00   1.1273190e+00
   2.1720827e+00   1.1247095e+00
   2.1683552e+00   1.1220644e+00
   2.1646730e+00   1.1193717e+00
   2.1610485e+00   1.1166192e+00
   2.1574941e+00   1.1137949e+00
   2.1540222e+00   1.1108868e+00
   2.1506453e+00   1.1078827e+00
   2.1473758e+00   1.1047705e+00
   2.1442239e+00   1.1015404e+00
   2.1411857e+00   1.0981953e+00
   2.1382521e+00   1.0947434e+00
   2.1354137e+00   1.0911930e+00
   2.1326613e+00   1.0875520e+00
   2.1299857e+00   1.0838287e+00
   2.1273776e+00   1.0800312e+00
   2.1248278e+00   1.0761677e+00
   2.1223270e+00   1.0722463e+00
   2.1198659e+00   1.0682752e+00
   2.1174354e+00   1.0642625e+00
   2.1150261e+00   1.0602164e+00
   2.1126288e+00   1.0561450e+00
   2.1102343e+00   1.0520565e+00
   2.1078332e+00   1.0479590e+00
   2.1054165e+00   1.0438607e+00
   2.1029747e+00   1.0397697e+00
   2.1004986e+00   1.0356941e+00
   2.0979791e+00   1.0316422e+00
   2.0954068e+00   1.0276221e+00
   2.0927726e+00   1.0236419e+00
   2.0900729e+00   1.0197056e+00
   2.0873162e+00   1.0158089e+00
   2.0845122e+00   1.0119465e+00
   2.0816706e+00   1.0081131e+00
   2.0788014e+00   1.0043032e+00
   2.0759141e+00   1.0005117e+00
   2.0730187e+00   9.9673310e-01
   2.0701249e+00   9.9296211e-01
   2.0672424e+00   9.8919341e-01
   2.0643811e+00   9.8542165e-01
   2.0615507e+00   9.8164150e-01
   2.0587610e+00   9.7784763e-01
   2.0560218e+00   9.7403470e-01
   2.0533429e+00   9.7019738e-01
   2.0507340e+00   9.6633033e-01
   2.0482049e+00   9.6242822e-01
   2.0457653e+00   9.5848572e-01
   2.0434252e+00   9.5449749e-01
   2.0411942e+00   9.5045820e-01
   2.0390821e+00   9.4636251e-01
   2.0370983e+00   9.4220542e-01
   2.0352459e+00   9.3798674e-01
   2.0335233e+00   9.3370986e-01
   2.0319290e+00   9.2937828e-01
   2.0304613e+00   9.2499548e-01
   2.0291186e+00   9.2056493e-01
   2.0278992e+00   9.1609014e-01
   2.0268015e+00   9.1157459e-01
   2.0258238e+00   9.0702176e-01
   2.0249646e+00   9.0243514e-01
   2.0242222e+00   8.9781821e-01
   2.0235950e+00   8.9317447e-01
   2.0230813e+00   8.8850739e-01
   2.0226795e+00   8.8382046e-01
   2.0223879e+00   8.7911718e-01
   2.0222049e+00   8.7440102e-01
   2.0221290e+00   8.6967547e-01
   2.0221584e+00   8.6494402e-01
   2.0222915e+00   8.6021016e-01
   2.0225267e+00   8.5547736e-01
   2.0228624e+00   8.5074913e-01
   2.0232968e+00   8.4602853e-01
   2.0238282e+00   8.4131698e-01
   2.0244547e+00   8.3661545e-01
   2.0251745e+00   8.3192494e-01
   2.0259857e+00   8.2724641e-01
   2.0268864e+00   8.2258084e-01
   2.0278748e+00   8.1792922e-01
   2.0289491e+00   8.1329252e-01
   2.0301074e+00   8.0867173e-01
   2.0313478e+00   8.0406782e-01
   2.0326685e+00   7.9948177e-01
   2.0340677e+00   7.9491457e-01
   2.0355434e+00   7.9036718e-01
   2.0370938e+00   7.8584059e-01
   2.0387172e+00   7.8133578e-01
   2.0404115e+00   7.7685373e-01
   2.0421751e+00   7.7239542e-01
   2.0440059e+00   7.6796182e-01
   2.0459023e+00   7.6355392e-01
   2.0478622e+00   7.5917270e-01
   2.0498839e+00   7.5481910e-01
   2.0519642e+00   7.5049274e-01
   2.0540983e+00   7.4619135e-01
   2.0562813e+00   7.4191252e-01
   2.0585083e+00   7.3765382e-01
   2.0607743e+00   7.3341286e-01
   2.0630743e+00   7.2918720e-01
   2.0654034e+00   7.2497445e-01
   2.0677568e+00   7.2077217e-01
   2.0701293e+00   7.1657797e-01
   2.0725162e+00   7.1238942e-01
   2.0749124e+00   7.0820412e-01
   2.0773130e+00   7.0401964e-01
   2.0797131e+00   6.9983357e-01
   2.0821077e+00   6.9564350e-01
   2.0844919e+00   6.9144702e-01
   2.0868607e+00   6.8724170e-01
   2.0892092e+00   6.8302514e-01
   2.0915325e+00   6.7879493e-01
   2.0938257e+00   6.7454864e-01
   2.0960836e+00   6.7028386e-01
   2.0983020e+00   6.6599841e-01
   2.1004801e+00   6.6169205e-01
   2.1026192e+00   6.5736559e-01
   2.1047206e+00   6.5301981e-01
   2.1067858e+00   6.4865554e-01
   2.1088161e+00   6.4427356e-01
   2.1108127e+00   6.3987468e-01
   2.1127772e+00   6.3545970e-01
   2.1147107e+00   6.3102943e-01
   2.1166146e+00   6.2658467e-01
   2.1184904e+00   6.2212621e-01
   2.1203392e+00   6.1765487e-01
   2.1221626e+00   6.1317144e-01
   2.1239617e+00   6.0867673e-01
   2.1257380e+00   6.0417153e-01
   2.1274928e+00   5.9965666e-01
   2.1292275e+00   5.9513291e-01
   2.1309433e+00   5.9060108e-01
   2.1326417e+00   5.8606199e-01
   2.1343240e+00   5.8151642e-01
   2.1359915e+00   5.7696519e-01
   2.1376457e+00   5.7240909e-01
   2.1392886e+00   5.6784894e-01
   2.1409224e+00   5.6328556e-01
   2.1425489e+00   5.5871974e-01
   2.1441705e+00   5.5415231e-01
   2.1457890e+00   5.4958408e-01
   2.1474065e+00   5.4501586e-01
   2.1490252e+00   5.4044846e-01
   2.1506471e+00   5.3588270e-01
   2.1522742e+00   5.3131938e-01
   2.1539086e+00   5.2675932e-01
   2.1555525e+00   5.2220333e-01
   2.1572077e+00   5.1765223e-01
   2.1588765e+00   5.1310682e-01
   2.1605609e+00   5.0856792e-01
   2.1622630e+00   5.0403634e-01
   2.1639848e+00   4.9951289e-01
   2.1657283e+00   4.9499839e-01
   2.1674957e+00   4.9049365e-01
   2.1692890e+00   4.8599947e-01
   2.1711103e+00   4.8151665e-01
   2.1729597e+00   4.7704528e-01
   2.1748359e+00   4.7258478e-01
   2.1767374e+00   4.6813455e-01
   2.1786628e+00   4.6369399e-01
   2.1806105e+00   4.5926249e-01
   2.1825792e+00   4.5483944e-01
   2.1845672e+00   4.5042425e-01
   2.1865732e+00   4.4601632e-01
   2.1885956e+00   4.4161502e-01
   2.1906331e+00   4.3721977e-01
   2.1926840e+00   4.3282996e-01
   2.1947470e+00   4.2844498e-01
   2.1968206e+00   4.2406422e-01
   2.1989033e+00   4.1968710e-01
   2.2009935e+00   4.1531299e-01
   2.2030900e+00   4.1094130e-01
   2.2051911e+00   4.0657142e-01
   2.2072954e+00   4.0220276e-01
   2.2094014e+00   3.9783469e-01
   2.2115076e+00   3.9346663e-01
   2.2136120e+00   3.8909794e-01
   2.2157083e+00   3.8472790e-01
   2.2177890e+00   3.8035575e-01
   2.2198467e+00   3.7598070e-01
   2.2218738e+00   3.7160201e-01
   2.2238628e+00   3.6721890e-01
   2.2258061e+00   3.6283060e-01
   2.2276964e+00   3.5843635e-01
   2.2295260e+00   3.5403538e-01
   2.2312874e+00   3.4962692e-01
   2.2329732e+00   3.4521021e-01
   2.2345758e+00   3.4078448e-01
   2.2360876e+00   3.3634897e-01
   2.2375013e+00   3.3190290e-01
   2.2388092e+00   3.2744551e-01
   2.2400039e+00   3.2297604e-01
   2.2410778e+00   3.1849371e-01
   2.2420235e+00   3.1399777e-01
   2.2428333e+00   3.0948743e-01
   2.2434999e+00   3.0496194e-01
   2.2440156e+00   3.0042056e-01
   2.2443755e+00   2.9586502e-01
   2.2445791e+00   2.9130174e-01
   2.2446262e+00   2.8673764e-01
   2.2445169e+00   2.8217962e-01
   2.2442512e+00   2.7763462e-01
   2.2438290e+00   2.7310956e-01
   2.2432503e+00   2.6861135e-01
   2.2425152e+00   2.6414691e-01
   2.2416236e+00   2.5972316e-01
   2.2405754e+00   2.5534702e-01
   2.2393707e+00   2.5102541e-01
   2.2380094e+00   2.4676526e-01
   2.2364915e+00   2.4257347e-01
   2.2348171e+00   2.3845697e-01
   2.2329860e+00   2.3442269e-01
   2.2309983e+00   2.3047753e-01
   2.2288539e+00   2.2662841e-01
   2.2265528e+00   2.2288227e-01
   2.2240951e+00   2.1924601e-01
   2.2214806e+00   2.1572656e-01
   2.2187097e+00   2.1233032e-01
   2.2157867e+00   2.0905715e-01
   2.2127185e+00   2.0590240e-01
   2.2095121e+00   2.0286133e-01
   2.2061747e+00   1.9992919e-01
   2.2027132e+00   1.9710125e-01
   2.1991347e+00   1.9437276e-01
   2.1954462e+00   1.9173899e-01
   2.1916548e+00   1.8919519e-01
   2.1877675e+00   1.8673662e-01
   2.1837914e+00   1.8435855e-01
   2.1797334e+00   1.8205623e-01
   2.1756007e+00   1.7982492e-01
   2.1714003e+00   1.7765988e-01
   2.1671392e+00   1.7555637e-01
   2.1628244e+00   1.7350965e-01
   2.1584631e+00   1.7151497e-01
   2.1540622e+00   1.6956761e-01
   2.1496287e+00   1.6766281e-01
   2.1451698e+00   1.6579584e-01
   2.1406925e+00   1.6396195e-01
   2.1362026e+00   1.6215710e-01
   2.1317015e+00   1.6037982e-01
   2.1271898e+00   1.5862927e-01
   2.1226676e+00   1.5690459e-01
   2.1181356e+00   1.5520494e-01
   2.1135940e+00   1.5352945e-01
   2.1090432e+00   1.5187729e-01
   2.1044837e+00   1.5024759e-01
   2.0999159e+00   1.4863951e-01
   2.0953401e+00   1.4705220e-01
   2.0907568e+00   1.4548481e-01
   2.0861663e+00   1.4393648e-01
   2.0815691e+00   1.4240636e-01
   2.0769655e+00   1.4089361e-01
   2.0723560e+00   1.3939737e-01
   2.0677409e+00   1.3791679e-01
   2.0631207e+00   1.3645102e-01
   2.0584957e+00   1.3499920e-01
   2.0538663e+00   1.3356049e-01
   2.0492330e+00   1.3213404e-01
   2.0445962e+00   1.3071897e-01
   2.0399565e+00   1.2931351e-01
   2.0353151e+00   1.2791473e-01
   2.0306733e+00   1.2651961e-01
   2.0260321e+00   1.2512513e-01
   2.0213929e+00   1.2372829e-01
   2.0167567e+00   1.2232606e-01
   2.0121247e+00   1.2091544e-01
   2.0074982e+00   1.1949341e-01
   2.0028783e+00   1.1805696e-01
   1.9982662e+00   1.1660308e-01
   1.9936630e+00   1.1512874e-01
   1.9890700e+00   1.1363093e-01
   1.9844884e+00   1.1210665e-01
   1.9799193e+00   1.1055288e-01
   1.9753638e+00   1.0896659e-01
   1.9708233e+00   1.0734479e-01
   1.9662988e+00   1.0568446e-01
   1.9617916e+00   1.0398257e-01
   1.9573028e+00   1.0223612e-01
   1.9528336e+00   1.0044210e-01
   1.9483850e+00   9.8598028e-02
   1.9439562e+00   9.6705694e-02
   1.9395455e+00   9.4768919e-02
   1.9351512e+00   9.2791533e-02
   1.9307717e+00   9.0777367e-02
   1.9264053e+00   8.8730252e-02
   1.9220504e+00   8.6654020e-02
   1.9177054e+00   8.4552500e-02
   1.9133684e+00   8.2429524e-02
   1.9090380e+00   8.0288923e-02
   1.9047124e+00   7.8134527e-02
   1.9003900e+00   7.5970167e-02
   1.8960691e+00   7.3799675e-02
   1.8917481e+00   7.1626881e-02
   1.8874253e+00   6.9455616e-02
   1.8830990e+00   6.7289710e-02
   1.8787676e+00   6.5132996e-02
   1.8744294e+00   6.2989303e-02
   1.8700828e+00   6.0862462e-02
   1.8657261e+00   5.8756305e-02
   1.8613577e+00   5.6674664e-02
   1.8569765e+00   5.4622366e-02
   1.8525832e+00   5.2606733e-02
   1.8481788e+00   5.0635473e-02
   1.8437641e+00   4.8716294e-02
   1.8393401e+00   4.6856902e-02
   1.8349076e+00   4.5065007e-02
   1.8304677e+00   4.3348315e-02
   1.8260212e+00   4.1714535e-02
   1.8215691e+00   4.0171374e-02
   1.8171122e+00   3.8726539e-02
   1.8126516e+00   3.7387740e-02
   1.8081880e+00   3.6162683e-02
   1.8037224e+00   3.5059076e-02
   1.7992558e+00   3.4084627e-02
   1.7947891e+00   3.3247044e-02
   1.7903231e+00   3.2554034e-02
   1.7858589e+00   3.2013305e-02
   1.7813973e+00   3.1632566e-02
   1.7769392e+00   3.1419523e-02
   1.7724855e+00   3.1381885e-02
   1.7680372e+00   3.1526652e-02
   1.7635949e+00   3.1847085e-02
   1.7591586e+00   3.2323960e-02
   1.7547286e+00   3.2937600e-02
   1.7503052e+00   3.3668328e-02
   1.7458885e+00   3.4496467e-02
   1.7414788e+00   3.5402341e-02
   1.7370761e+00   3.6366272e-02
   1.7326808e+00   3.7368584e-02
   1.7282931e+00   3.8389600e-02
   1.7239131e+00   3.9409643e-02
   1.7195410e+00   4.0409035e-02
   1.7151771e+00   4.1368102e-02
   1.7108216e+00   4.2267164e-02
   1.7064746e+00   4.3086546e-02
   1.7021364e+00   4.3806571e-02
   1.6978072e+00   4.4407561e-02
   1.6934871e+00   4.4869840e-02
   1.6891764e+00   4.5173732e-02
   1.6848753e+00   4.5299558e-02
   1.6805840e+00   4.5227643e-02
   1.6763024e+00   4.4942616e-02
   1.6720291e+00   4.4451311e-02
   1.6677625e+00   4.3767694e-02
   1.6635006e+00   4.2905735e-02
   1.6592417e+00   4.1879405e-02
   1.6549840e+00   4.0702672e-02
   1.6507257e+00   3.9389508e-02
   1.6464650e+00   3.7953882e-02
   1.6422001e+00   3.6409765e-02
   1.6379292e+00   3.4771126e-02
   1.6336506e+00   3.3051936e-02
   1.6293623e+00   3.1266164e-02
   1.6250628e+00   2.9427781e-02
   1.6207501e+00   2.7550756e-02
   1.6164224e+00   2.5649060e-02
   1.6120780e+00   2.3736663e-02
   1.6077151e+00   2.1827535e-02
   1.6033319e+00   1.9935646e-02
   1.5989265e+00   1.8074965e-02
   1.5944972e+00   1.6259463e-02
   1.5900423e+00   1.4503082e-02
   1.5855621e+00   1.2817428e-02
   1.5810606e+00   1.1210095e-02
   1.5765424e+00   9.6882837e-03
   1.5720118e+00   8.2591910e-03
   1.5674734e+00   6.9300161e-03
   1.5629315e+00   5.7079575e-03
   1.5583906e+00   4.6002139e-03
   1.5538552e+00   3.6139839e-03
   1.5493296e+00   2.7564662e-03
   1.5448184e+00   2.0348593e-03
   1.5403259e+00   1.4563620e-03
   1.5358566e+00   1.0281727e-03
   1.5314150e+00   7.5749013e-04
   1.5270054e+00   6.5151294e-04
   1.5226324e+00   7.1743973e-04
   1.5183004e+00   9.6246912e-04
   1.5140138e+00   1.3937997e-03
   1.5097770e+00   2.0186302e-03
   1.5055945e+00   2.8441591e-03
   1.5014708e+00   3.8775852e-03
   1.4974098e+00   5.1250574e-03
   1.4934098e+00   6.5808293e-03
   1.4894656e+00   8.2316228e-03
   1.4855721e+00   1.0064040e-02
   1.4817240e+00   1.2064684e-02
   1.4779160e+00   1.4220157e-02
   1.4741429e+00   1.6517061e-02
   1.4703994e+00   1.8941999e-02
   1.4666804e+00   2.1481573e-02
   1.4629806e+00   2.4122386e-02
   1.4592946e+00   2.6851040e-02
   1.4556174e+00   2.9654138e-02
   1.4519436e+00   3.2518281e-02
   1.4482680e+00   3.5430074e-02
   1.4445854e+00   3.8376118e-02
   1.4408906e+00   4.1343015e-02
   1.4371782e+00   4.4317368e-02
   1.4334430e+00   4.7285779e-02
   1.4296799e+00   5.0234851e-02
   1.4258835e+00   5.3151187e-02
   1.4220487e+00   5.6021389e-02
   1.4181718e+00   5.8835641e-02
   1.4142553e+00   6.1596361e-02
   1.4103027e+00   6.4308581e-02
   1.4063175e+00   6.6977331e-02
   1.4023035e+00   6.9607642e-02
   1.3982641e+00   7.2204544e-02
   1.3942030e+00   7.4773068e-02
   1.3901236e+00   7.7318244e-02
   1.3860297e+00   7.9845104e-02
   1.3819248e+00   8.2358677e-02
   1.3778124e+00   8.4863994e-02
   1.3736962e+00   8.7366087e-02
   1.3695798e+00   8.9869985e-02
   1.3654666e+00   9.2380720e-02
   1.3613604e+00   9.4903321e-02
   1.3572646e+00   9.7442820e-02
   1.3531829e+00   1.0000425e-01
   1.3491189e+00   1.0259263e-01
   1.3450761e+00   1.0521301e-01
   1.3410581e+00   1.0787040e-01
   1.3370684e+00   1.1056967e-01
   1.3331071e+00   1.1330993e-01
   1.3291703e+00   1.1608345e-01
   1.3252539e+00   1.1888208e-01
   1.3213537e+00   1.2169768e-01
   1.3174655e+00   1.2452211e-01
   1.3135853e+00   1.2734722e-01
   1.3097089e+00   1.3016489e-01
   1.3058321e+00   1.3296696e-01
   1.3019507e+00   1.3574529e-01
   1.2980608e+00   1.3849174e-01
   1.2941580e+00   1.4119817e-01
   1.2902383e+00   1.4385644e-01
   1.2862976e+00   1.4645840e-01
   1.2823316e+00   1.4899592e-01
   1.2783362e+00   1.5146085e-01
   1.2743073e+00   1.5384505e-01
   1.2702408e+00   1.5614038e-01
   1.2661325e+00   1.5833870e-01
   1.2619782e+00   1.6043186e-01
   1.2577738e+00   1.6241173e-01
   1.2535161e+00   1.6427200e-01
   1.2492083e+00   1.6601957e-01
   1.2448563e+00   1.6766704e-01
   1.2404662e+00   1.6922707e-01
   1.2360440e+00   1.7071230e-01
   1.2315957e+00   1.7213537e-01
   1.2271272e+00   1.7350892e-01
   1.2226447e+00   1.7484561e-01
   1.2181541e+00   1.7615806e-01
   1.2136614e+00   1.7745893e-01
   1.2091726e+00   1.7876086e-01
   1.2046938e+00   1.8007650e-01
   1.2002309e+00   1.8141848e-01
   1.1957900e+00   1.8279944e-01
   1.1913770e+00   1.8423205e-01
   1.1869980e+00   1.8572892e-01
   1.1826590e+00   1.8730272e-01
   1.1783660e+00   1.8896609e-01
   1.1741250e+00   1.9073166e-01
   1.1699420e+00   1.9261208e-01
   1.1658230e+00   1.9461997e-01
   1.1617711e+00   1.9676222e-01
   1.1577826e+00   1.9903254e-01
   1.1538529e+00   2.0142280e-01
   1.1499774e+00   2.0392487e-01
   1.1461516e+00   2.0653061e-01
   1.1423709e+00   2.0923190e-01
   1.1386305e+00   2.1202061e-01
   1.1349260e+00   2.1488860e-01
   1.1312528e+00   2.1782774e-01
   1.1276062e+00   2.2082990e-01
   1.1239816e+00   2.2388695e-01
   1.1203745e+00   2.2699076e-01
   1.1167803e+00   2.3013320e-01
   1.1131944e+00   2.3330613e-01
   1.1096121e+00   2.3650143e-01
   1.1060289e+00   2.3971096e-01
   1.1024402e+00   2.4292659e-01
   1.0988413e+00   2.4614019e-01
   1.0952278e+00   2.4934364e-01
   1.0915949e+00   2.5252879e-01
   1.0879383e+00   2.5568785e-01
   1.0842572e+00   2.5881858e-01
   1.0805536e+00   2.6192341e-01
   1.0768298e+00   2.6500491e-01
   1.0730878e+00   2.6806565e-01
   1.0693299e+00   2.7110820e-01
   1.0655583e+00   2.7413512e-01
   1.0617752e+00   2.7714900e-01
   1.0579827e+00   2.8015239e-01
   1.0541830e+00   2.8314787e-01
   1.0503783e+00   2.8613801e-01
   1.0465708e+00   2.8912537e-01
   1.0427626e+00   2.9211254e-01
   1.0389561e+00   2.9510207e-01
   1.0351532e+00   2.9809654e-01
   1.0313563e+00   3.0109851e-01
   1.0275675e+00   3.0411056e-01
   1.0237889e+00   3.0713526e-01
   1.0200228e+00   3.1017518e-01
   1.0162714e+00   3.1323288e-01
   1.0125369e+00   3.1631094e-01
   1.0088215e+00   3.1941181e-01
   1.0051283e+00   3.2253736e-01
   1.0014608e+00   3.2568932e-01
   9.9782224e-01   3.2886941e-01
   9.9421589e-01   3.3207933e-01
   9.9064511e-01   3.3532082e-01
   9.8711322e-01   3.3859558e-01
   9.8362353e-01   3.4190533e-01
   9.8017937e-01   3.4525180e-01
   9.7678405e-01   3.4863670e-01
   9.7344091e-01   3.5206174e-01
   9.7015325e-01   3.5552864e-01
   9.6692441e-01   3.5903913e-01
   9.6375770e-01   3.6259492e-01
   9.6065644e-01   3.6619772e-01
   9.5762395e-01   3.6984926e-01
   9.5466356e-01   3.7355125e-01
   9.5177858e-01   3.7730541e-01
   9.4897234e-01   3.8111345e-01
   9.4624815e-01   3.8497710e-01
   9.4360929e-01   3.8889804e-01
   9.4105530e-01   3.9287578e-01
   9.3857988e-01   3.9690642e-01
   9.3617623e-01   4.0098576e-01
   9.3383754e-01   4.0510959e-01
   9.3155698e-01   4.0927370e-01
   9.2932775e-01   4.1347390e-01
   9.2714303e-01   4.1770597e-01
   9.2499602e-01   4.2196571e-01
   9.2287989e-01   4.2624892e-01
   9.2078783e-01   4.3055138e-01
   9.1871303e-01   4.3486890e-01
   9.1664868e-01   4.3919727e-01
   9.1458796e-01   4.4353228e-01
   9.1252406e-01   4.4786974e-01
   9.1045017e-01   4.5220542e-01
   9.0835948e-01   4.5653513e-01
   9.0624516e-01   4.6085467e-01
   9.0410042e-01   4.6515983e-01
   9.0191843e-01   4.6944639e-01
   8.9969238e-01   4.7371017e-01
   8.9741657e-01   4.7794737e-01
   8.9509659e-01   4.8215853e-01
   8.9274457e-01   4.8634668e-01
   8.9037274e-01   4.9051488e-01
   8.8799332e-01   4.9466621e-01
   8.8561853e-01   4.9880372e-01
   8.8326061e-01   5.0293048e-01
   8.8093176e-01   5.0704956e-01
   8.7864422e-01   5.1116403e-01
   8.7641021e-01   5.1527694e-01
   8.7424195e-01   5.1939136e-01
   8.7215167e-01   5.2351036e-01
   8.7015158e-01   5.2763701e-01
   8.6825392e-01   5.3177436e-01
   8.6647090e-01   5.3592550e-01
   8.6481475e-01   5.4009347e-01
   8.6329769e-01   5.4428134e-01
   8.6193195e-01   5.4849219e-01
   8.6072975e-01   5.5272907e-01
   8.5970330e-01   5.5699506e-01
   8.5886485e-01   5.6129321e-01
   8.5822021e-01   5.6562541e-01
   8.5775539e-01   5.6998986e-01
   8.5745252e-01   5.7438405e-01
   8.5729373e-01   5.7880546e-01
   8.5726116e-01   5.8325158e-01
   8.5733695e-01   5.8771990e-01
   8.5750323e-01   5.9220790e-01
   8.5774214e-01   5.9671308e-01
   8.5803583e-01   6.0123292e-01
   8.5836641e-01   6.0576490e-01
   8.5871603e-01   6.1030652e-01
   8.5906683e-01   6.1485526e-01
   8.5940094e-01   6.1940860e-01
   8.5970050e-01   6.2396404e-01
   8.5994765e-01   6.2851907e-01
   8.6012452e-01   6.3307116e-01
   8.6021325e-01   6.3761781e-01
   8.6019597e-01   6.4215650e-01
   8.6005482e-01   6.4668472e-01
   8.5977194e-01   6.5119996e-01
   8.5932982e-01   6.5569970e-01
   8.5872099e-01   6.6018133e-01
   8.5794894e-01   6.6464214e-01
   8.5701778e-01   6.6907943e-01
   8.5593160e-01   6.7349046e-01
   8.5469448e-01   6.7787253e-01
   8.5331050e-01   6.8222293e-01
   8.5178377e-01   6.8653893e-01
   8.5011836e-01   6.9081782e-01
   8.4831837e-01   6.9505689e-01
   8.4638789e-01   6.9925343e-01
   8.4433100e-01   7.0340470e-01
   8.4215179e-01   7.0750801e-01
   8.3985435e-01   7.1156064e-01
   8.3744277e-01   7.1555987e-01
   8.3492114e-01   7.1950298e-01
   8.3229354e-01   7.2338726e-01
   8.2956407e-01   7.2721000e-01
   8.2673681e-01   7.3096848e-01
   8.2381586e-01   7.3465999e-01
   8.2080529e-01   7.3828180e-01
   8.1770923e-01   7.4183186e-01
   8.1453192e-01   7.4531228e-01
   8.1127767e-01   7.4872686e-01
   8.0795080e-01   7.5207939e-01
   8.0455560e-01   7.5537365e-01
   8.0109640e-01   7.5861346e-01
   7.9757749e-01   7.6180259e-01
   7.9400319e-01   7.6494485e-01
   7.9037781e-01   7.6804402e-01
   7.8670565e-01   7.7110390e-01
   7.8299103e-01   7.7412829e-01
   7.7923825e-01   7.7712097e-01
   7.7545163e-01   7.8008575e-01
   7.7163547e-01   7.8302641e-01
   7.6779408e-01   7.8594675e-01
   7.6393177e-01   7.8885056e-01
   7.6005285e-01   7.9174164e-01
   7.5616162e-01   7.9462378e-01
   7.5226241e-01   7.9750077e-01
   7.4835951e-01   8.0037641e-01
   7.4445723e-01   8.0325448e-01
   7.4055916e-01   8.0613820e-01
   7.3666735e-01   8.0902956e-01
   7.3278370e-01   8.1193037e-01
   7.2891006e-01   8.1484249e-01
   7.2504832e-01   8.1776772e-01
   7.2120035e-01   8.2070791e-01
   7.1736802e-01   8.2366489e-01
   7.1355322e-01   8.2664049e-01
   7.0975780e-01   8.2963654e-01
   7.0598365e-01   8.3265486e-01
   7.0223265e-01   8.3569730e-01
   6.9850667e-01   8.3876569e-01
   6.9480757e-01   8.4186185e-01
   6.9113724e-01   8.4498761e-01
   6.8749756e-01   8.4814481e-01
   6.8389039e-01   8.5133527e-01
   6.8031761e-01   8.5456084e-01
   6.7678110e-01   8.5782333e-01
   6.7328272e-01   8.6112459e-01
   6.6982436e-01   8.6446644e-01
   6.6640760e-01   8.6785034e-01
   6.6302970e-01   8.7127218e-01
   6.5968457e-01   8.7472356e-01
   6.5636605e-01   8.7819598e-01
   6.5306797e-01   8.8168093e-01
   6.4978416e-01   8.8516990e-01
   6.4650847e-01   8.8865438e-01
   6.4323473e-01   8.9212587e-01
   6.3995677e-01   8.9557586e-01
   6.3666842e-01   8.9899583e-01
   6.3336353e-01   9.0237729e-01
   6.3003591e-01   9.0571173e-01
   6.2667942e-01   9.0899063e-01
   6.2328788e-01   9.1220549e-01
   6.1985513e-01   9.1534781e-01
   6.1637500e-01   9.1840907e-01
   6.1284132e-01   9.2138077e-01
   6.0924794e-01   9.2425440e-01
   6.0558868e-01   9.2702145e-01
   6.0185739e-01   9.2967342e-01
   5.9804789e-01   9.3220179e-01
   5.9415591e-01   9.3460104e-01
   5.9018531e-01   9.3687836e-01
   5.8614208e-01   9.3904430e-01
   5.8203222e-01   9.4110943e-01
   5.7786173e-01   9.4308431e-01
   5.7363660e-01   9.4497951e-01
   5.6936284e-01   9.4680559e-01
   5.6504644e-01   9.4857310e-01
   5.6069340e-01   9.5029263e-01
   5.5630973e-01   9.5197472e-01
   5.5190141e-01   9.5362994e-01
   5.4747445e-01   9.5526886e-01
   5.4303485e-01   9.5690204e-01
   5.3858860e-01   9.5854004e-01
   5.3414170e-01   9.6019343e-01
   5.2970016e-01   9.6187276e-01
   5.2526997e-01   9.6358861e-01
   5.2085713e-01   9.6535154e-01
   5.1646763e-01   9.6717210e-01
   5.1210748e-01   9.6906087e-01
   5.0778260e-01   9.7102823e-01
   5.0349503e-01   9.7307594e-01
   4.9924113e-01   9.7519322e-01
   4.9501685e-01   9.7736829e-01
   4.9081812e-01   9.7958939e-01
   4.8664090e-01   9.8184473e-01
   4.8248110e-01   9.8412256e-01
   4.7833467e-01   9.8641110e-01
   4.7419755e-01   9.8869857e-01
   4.7006568e-01   9.9097322e-01
   4.6593499e-01   9.9322326e-01
   4.6180142e-01   9.9543692e-01
   4.5766090e-01   9.9760244e-01
   4.5350939e-01   9.9970804e-01
   4.4934281e-01   1.0017420e+00
   4.4515710e-01   1.0036924e+00
   4.4094820e-01   1.0055476e+00
   4.3671204e-01   1.0072959e+00
   4.3244458e-01   1.0089253e+00
   4.2814173e-01   1.0104242e+00
   4.2379945e-01   1.0117808e+00
   4.1941411e-01   1.0129849e+00
   4.1498624e-01   1.0140409e+00
   4.1051853e-01   1.0149608e+00
   4.0601372e-01   1.0157568e+00
   4.0147453e-01   1.0164412e+00
   3.9690370e-01   1.0170260e+00
   3.9230394e-01   1.0175234e+00
   3.8767798e-01   1.0179457e+00
   3.8302857e-01   1.0183050e+00
   3.7835841e-01   1.0186134e+00
   3.7367025e-01   1.0188831e+00
   3.6896680e-01   1.0191263e+00
   3.6425080e-01   1.0193552e+00
   3.5952497e-01   1.0195820e+00
   3.5479204e-01   1.0198187e+00
   3.5005475e-01   1.0200776e+00
   3.4531581e-01   1.0203709e+00
   3.4057796e-01   1.0207107e+00
   3.3584392e-01   1.0211092e+00
   3.3111642e-01   1.0215786e+00
   3.2639819e-01   1.0221310e+00
   3.2169126e-01   1.0227729e+00
   3.1699571e-01   1.0234945e+00
   3.1231127e-01   1.0242832e+00
   3.0763766e-01   1.0251263e+00
   3.0297460e-01   1.0260112e+00
   2.9832183e-01   1.0269252e+00
   2.9367908e-01   1.0278559e+00
   2.8904607e-01   1.0287904e+00
   2.8442252e-01   1.0297162e+00
   2.7980817e-01   1.0306206e+00
   2.7520275e-01   1.0314910e+00
   2.7060597e-01   1.0323148e+00
   2.6601758e-01   1.0330794e+00
   2.6143728e-01   1.0337720e+00
   2.5686483e-01   1.0343802e+00
   2.5229993e-01   1.0348911e+00
   2.4774232e-01   1.0352923e+00
   2.4319172e-01   1.0355711e+00
   2.3864787e-01   1.0357147e+00
   2.3411048e-01   1.0357107e+00
   2.2957928e-01   1.0355469e+00
   2.2505364e-01   1.0352243e+00
   2.2053260e-01   1.0347569e+00
   2.1601518e-01   1.0341596e+00
   2.1150040e-01   1.0334468e+00
   2.0698729e-01   1.0326335e+00
   2.0247488e-01   1.0317343e+00
   1.9796218e-01   1.0307638e+00
   1.9344821e-01   1.0297368e+00
   1.8893201e-01   1.0286681e+00
   1.8441259e-01   1.0275722e+00
   1.7988898e-01   1.0264639e+00
   1.7536019e-01   1.0253580e+00
   1.7082526e-01   1.0242691e+00
   1.6628321e-01   1.0232119e+00
   1.6173305e-01   1.0222011e+00
   1.5717381e-01   1.0212514e+00
   1.5260452e-01   1.0203776e+00
   1.4802420e-01   1.0195943e+00
   1.4343187e-01   1.0189162e+00
   1.3882656e-01   1.0183581e+00
   1.3420756e-01   1.0179315e+00
   1.2957581e-01   1.0176295e+00
   1.2493286e-01   1.0174384e+00
   1.2028023e-01   1.0173447e+00
   1.1561947e-01   1.0173348e+00
   1.1095210e-01   1.0173950e+00
   1.0627966e-01   1.0175117e+00
   1.0160369e-01   1.0176712e+00
   9.6925730e-02   1.0178601e+00
   9.2247304e-02   1.0180645e+00
   8.7569952e-02   1.0182710e+00
   8.2895210e-02   1.0184658e+00
   7.8224613e-02   1.0186355e+00
   7.3559697e-02   1.0187663e+00
   6.8901996e-02   1.0188446e+00
   6.4253047e-02   1.0188568e+00
   5.9614385e-02   1.0187893e+00
   5.4987545e-02   1.0186284e+00
   5.0374062e-02   1.0183607e+00
   4.5775473e-02   1.0179723e+00
   4.1193303e-02   1.0174498e+00
   3.6628014e-02   1.0167881e+00
   3.2078009e-02   1.0159987e+00
   2.7541462e-02   1.0150946e+00
   2.3016543e-02   1.0140892e+00
   1.8501423e-02   1.0129957e+00
   1.3994274e-02   1.0118273e+00
   9.4932680e-03   1.0105972e+00
   4.9965752e-03   1.0093187e+00
   5.0236748e-04   1.0080050e+00
  -3.9911839e-03   1.0066694e+00
  -8.4859075e-03   1.0053250e+00
  -1.2983632e-02   1.0039850e+00
  -1.7486186e-02   1.0026628e+00
  -2.1995398e-02   1.0013716e+00
  -2.6513097e-02   1.0001245e+00
  -3.1041112e-02   9.9893482e-01
  -3.5581270e-02   9.9781578e-01
  -4.0135401e-02   9.9678061e-01
  -4.4705334e-02   9.9584252e-01
  -4.9292896e-02   9.9501476e-01
  -5.3899800e-02   9.9430974e-01
  -5.8526195e-02   9.9372904e-01
  -6.3171130e-02   9.9326662e-01
  -6.7833629e-02   9.9291623e-01
  -7.2512714e-02   9.9267165e-01
  -7.7207409e-02   9.9252665e-01
  -8.1916739e-02   9.9247500e-01
  -8.6639726e-02   9.9251048e-01
  -9.1375396e-02   9.9262686e-01
  -9.6122770e-02   9.9281791e-01
  -1.0088087e-01   9.9307740e-01
  -1.0564873e-01   9.9339911e-01
  -1.1042536e-01   9.9377680e-01
  -1.1520980e-01   9.9420424e-01
  -1.2000105e-01   9.9467522e-01
  -1.2479816e-01   9.9518350e-01
  -1.2960013e-01   9.9572286e-01
  -1.3440600e-01   9.9628706e-01
  -1.3921479e-01   9.9686988e-01
  -1.4402552e-01   9.9746509e-01
  -1.4883722e-01   9.9806646e-01
  -1.5364907e-01   9.9866884e-01
  -1.5846093e-01   9.9927122e-01
  -1.6327278e-01   9.9987359e-01
  -1.6808464e-01   1.0004760e+00
  -1.7289649e-01   1.0010783e+00
  -1.7770835e-01   1.0016807e+00
  -1.8252020e-01   1.0022831e+00
  -1.8733206e-01   1.0028855e+00
  -1.9214391e-01   1.0034879e+00
  -1.9695577e-01   1.0040902e+00
  -2.0176762e-01   1.0046926e+00
  -2.0657948e-01   1.0052950e+00
  -2.1139133e-01   1.0058974e+00
  -2.1620319e-01   1.0064997e+00
  -2.2101504e-01   1.0071021e+00
  -2.2582690e-01   1.0077045e+00
  -2.3063875e-01   1.0083069e+00
  -2.3545061e-01   1.0089093e+00
  -2.4026246e-01   1.0095116e+00
  -2.4507432e-01   1.0101140e+00
  -2.4988617e-01   1.0107164e+00
  -2.5469803e-01   1.0113188e+00
  -2.5950988e-01   1.0119211e+00
  -2.6432174e-01   1.0125235e+00
  -2.6913359e-01   1.0131259e+00
  -2.7394545e-01   1.0137283e+00
  -2.7875730e-01   1.0143307e+00
  -2.8356916e-01   1.0149330e+00
  -2.8838101e-01   1.0155354e+00
  -2.9319287e-01   1.0161378e+00
  -2.9800472e-01   1.0167402e+00
  -3.0281658e-01   1.0173425e+00
  -3.0762843e-01   1.0179449e+00
  -3.1244029e-01   1.0185473e+00
  -3.1725214e-01   1.0191497e+00
  -3.2206399e-01   1.0197521e+00
  -3.2687585e-01   1.0203544e+00
  -3.3168770e-01   1.0209568e+00
  -3.3649956e-01   1.0215592e+00
  -3.4131141e-01   1.0221616e+00
  -3.4612327e-01   1.0227639e+00
  -3.5093512e-01   1.0233663e+00
  -3.5574698e-01   1.0239687e+00
  -3.6055883e-01   1.0245711e+00
  -3.6537069e-01   1.0251735e+00
  -3.7018254e-01   1.0257758e+00
  -3.7499440e-01   1.0263782e+00
  -3.7980625e-01   1.0269806e+00
  -3.8461811e-01   1.0275830e+00
  -3.8942996e-01   1.0281853e+00
  -3.9424182e-01   1.0287877e+00
  -3.9905367e-01   1.0293901e+00
  -4.0386553e-01   1.0299925e+00
  -4.0867738e-01   1.0305949e+00
  -4.1348924e-01   1.0311972e+00
  -4.1830109e-01   1.0317996e+00
  -4.2311295e-01   1.0324020e+00
  -4.2792480e-01   1.0330044e+00
  -4.3273666e-01   1.0336067e+00
  -4.3754851e-01   1.0342091e+00
  -4.4236037e-01   1.0348115e+00
  -4.4717222e-01   1.0354139e+00
  -4.5198408e-01   1.0360162e+00
  -4.5679593e-01   1.0366186e+00
  -4.6160779e-01   1.0372210e+00
  -4.6641964e-01   1.0378234e+00
  -4.7123150e-01   1.0384258e+00
  -4.7604335e-01   1.0390281e+00
  -4.8085521e-01   1.0396305e+00
  -4.8566706e-01   1.0402329e+00
  -4.9047892e-01   1.0408353e+00
  -4.9529077e-01   1.0414376e+00
  -5.0010263e-01   1.0420400e+00
  -5.0491448e-01   1.0426424e+00
  -5.0972634e-01   1.0432448e+00
  -5.1453819e-01   1.0438472e+00
  -5.1935004e-01   1.0444495e+00
  -5.2416190e-01   1.0450519e+00
  -5.2897375e-01   1.0456543e+00
  -5.3378561e-01   1.0462567e+00
  -5.3859746e-01   1.0468590e+00
  -5.4340932e-01   1.0474614e+00
  -5.4822117e-01   1.0480638e+00
  -5.5303303e-01   1.0486662e+00
  -5.5784488e-01   1.0492686e+00
  -5.6265674e-01   1.0498709e+00
  -5.6746859e-01   1.0504733e+00
  -5.7228045e-01   1.0510757e+00
  -5.7709230e-01   1.0516781e+00
  -5.8190416e-01   1.0522804e+00
  -5.8671601e-01   1.0528828e+00
  -5.9152787e-01   1.0534852e+00
  -5.9633972e-01   1.0540876e+00
  -6.0115158e-01   1.0546900e+00
  -6.0596343e-01   1.0552923e+00
  -6.1077529e-01   1.0558947e+00
  -6.1558714e-01   1.0564971e+00
  -6.2039900e-01   1.0570995e+00
  -6.2521085e-01   1.0577018e+00
  -6.3002271e-01   1.0583042e+00
  -6.3483456e-01   1.0589066e+00
  -6.3964642e-01   1.0595090e+00
  -6.4445827e-01   1.0601114e+00
  -6.4927009e-01   1.0607139e+00
  -6.5408168e-01   1.0613177e+00
  -6.5889276e-01   1.0619242e+00
  -6.6370309e-01   1.0625347e+00
  -6.6851239e-01   1.0631506e+00
  -6.7332040e-01   1.0637733e+00
  -6.7812687e-01   1.0644042e+00
  -6.8293152e-01   1.0650447e+00
  -6.8773410e-01   1.0656963e+00
  -6.9253435e-01   1.0663601e+00
  -6.9733200e-01   1.0670378e+00
  -7.0212679e-01   1.0677305e+00
  -7.0691846e-01   1.0684399e+00
  -7.1170675e-01   1.0691671e+00
  -7.1649138e-01   1.0699137e+00
  -7.2127212e-01   1.0706810e+00
  -7.2604868e-01   1.0714703e+00
  -7.3082081e-01   1.0722832e+00
  -7.3558824e-01   1.0731209e+00
  -7.4035072e-01   1.0739849e+00
  -7.4510797e-01   1.0748765e+00
  -7.4985965e-01   1.0757934e+00
  -7.5460522e-01   1.0767272e+00
  -7.5934414e-01   1.0776687e+00
  -7.6407585e-01   1.0786085e+00
  -7.6879983e-01   1.0795376e+00
  -7.7351552e-01   1.0804467e+00
  -7.7822237e-01   1.0813266e+00
  -7.8291984e-01   1.0821681e+00
  -7.8760738e-01   1.0829620e+00
  -7.9228445e-01   1.0836991e+00
  -7.9695051e-01   1.0843703e+00
  -8.0160500e-01   1.0849662e+00
  -8.0624739e-01   1.0854778e+00
  -8.1087712e-01   1.0858957e+00
  -8.1549366e-01   1.0862108e+00
  -8.2009645e-01   1.0864140e+00
  -8.2468495e-01   1.0864959e+00
  -8.2925861e-01   1.0864474e+00
  -8.3381689e-01   1.0862593e+00
  -8.3835925e-01   1.0859224e+00
  -8.4288525e-01   1.0854286e+00
  -8.4739584e-01   1.0847834e+00
  -8.5189284e-01   1.0840012e+00
  -8.5637811e-01   1.0830963e+00
  -8.6085348e-01   1.0820834e+00
  -8.6532082e-01   1.0809767e+00
  -8.6978196e-01   1.0797908e+00
  -8.7423876e-01   1.0785402e+00
  -8.7869305e-01   1.0772393e+00
  -8.8314669e-01   1.0759025e+00
  -8.8760152e-01   1.0745444e+00
  -8.9205940e-01   1.0731794e+00
  -8.9652217e-01   1.0718219e+00
  -9.0099167e-01   1.0704864e+00
  -9.0546975e-01   1.0691874e+00
  -9.0995826e-01   1.0679394e+00
  -9.1445906e-01   1.0667568e+00
  -9.1897397e-01   1.0656540e+00
  -9.2350486e-01   1.0646456e+00
  -9.2805357e-01   1.0637459e+00
  -9.3262194e-01   1.0629695e+00
  -9.3721108e-01   1.0623275e+00
  -9.4181946e-01   1.0618192e+00
  -9.4644496e-01   1.0614415e+00
  -9.5108546e-01   1.0611911e+00
  -9.5573887e-01   1.0610648e+00
  -9.6040306e-01   1.0610594e+00
  -9.6507593e-01   1.0611717e+00
  -9.6975536e-01   1.0613985e+00
  -9.7443924e-01   1.0617365e+00
  -9.7912545e-01   1.0621825e+00
  -9.8381189e-01   1.0627333e+00
  -9.8849645e-01   1.0633858e+00
  -9.9317700e-01   1.0641366e+00
  -9.9785145e-01   1.0649826e+00
  -1.0025177e+00   1.0659206e+00
  -1.0071736e+00   1.0669473e+00
  -1.0118170e+00   1.0680595e+00
  -1.0164459e+00   1.0692541e+00
  -1.0210581e+00   1.0705277e+00
  -1.0256515e+00   1.0718772e+00
  -1.0302241e+00   1.0732994e+00
  -1.0347756e+00   1.0747892e+00
  -1.0393081e+00   1.0763399e+00
  -1.0438237e+00   1.0779442e+00
  -1.0483246e+00   1.0795953e+00
  -1.0528130e+00   1.0812860e+00
  -1.0572910e+00   1.0830093e+00
  -1.0617609e+00   1.0847581e+00
  -1.0662247e+00   1.0865255e+00
  -1.0706847e+00   1.0883042e+00
  -1.0751431e+00   1.0900874e+00
  -1.0796019e+00   1.0918679e+00
  -1.0840634e+00   1.0936388e+00
  -1.0885297e+00   1.0953928e+00
  -1.0930031e+00   1.0971231e+00
  -1.0974856e+00   1.0988225e+00
  -1.1019794e+00   1.1004840e+00
  -1.1064868e+00   1.1021006e+00
  -1.1110099e+00   1.1036652e+00
  -1.1155508e+00   1.1051707e+00
  -1.1201118e+00   1.1066102e+00
  -1.1246946e+00   1.1079774e+00
  -1.1292993e+00   1.1092730e+00
  -1.1339246e+00   1.1105005e+00
  -1.1385694e+00   1.1116636e+00
  -1.1432327e+00   1.1127659e+00
  -1.1479134e+00   1.1138110e+00
  -1.1526103e+00   1.1148025e+00
  -1.1573224e+00   1.1157440e+00
  -1.1620486e+00   1.1166392e+00
  -1.1667878e+00   1.1174916e+00
  -1.1715388e+00   1.1183049e+00
  -1.1763006e+00   1.1190827e+00
  -1.1810721e+00   1.1198287e+00
  -1.1858522e+00   1.1205463e+00
  -1.1906397e+00   1.1212393e+00
  -1.1954337e+00   1.1219113e+00
  -1.2002329e+00   1.1225658e+00
  -1.2050364e+00   1.1232065e+00
  -1.2098429e+00   1.1238370e+00
  -1.2146514e+00   1.1244609e+00
  -1.2194609e+00   1.1250818e+00
  -1.2242704e+00   1.1257024e+00
  -1.2290800e+00   1.1263231e+00
  -1.2338895e+00   1.1269437e+00
  -1.2386990e+00   1.1275643e+00
  -1.2435086e+00   1.1281849e+00
  -1.2483181e+00   1.1288055e+00
  -1.2531276e+00   1.1294261e+00
  -1.2579372e+00   1.1300467e+00
  -1.2627467e+00   1.1306673e+00
  -1.2675563e+00   1.1312879e+00
  -1.2723658e+00   1.1319086e+00
  -1.2771753e+00   1.1325292e+00
  -1.2819849e+00   1.1331498e+00
  -1.2867944e+00   1.1337704e+00
  -1.2916039e+00   1.1343910e+00
  -1.2964135e+00   1.1350116e+00
  -1.3012230e+00   1.1356322e+00
  -1.3060326e+00   1.1362528e+00
  -1.3108421e+00   1.1368734e+00
  -1.3156516e+00   1.1374941e+00
  -1.3204611e+00   1.1381148e+00
  -1.3252695e+00   1.1387384e+00
  -1.3300750e+00   1.1393697e+00
  -1.3348757e+00   1.1400136e+00
  -1.3396697e+00   1.1406752e+00
  -1.3444552e+00   1.1413593e+00
  -1.3492302e+00   1.1420708e+00
  -1.3539930e+00   1.1428149e+00
  -1.3587416e+00   1.1435963e+00
  -1.3634741e+00   1.1444200e+00
  -1.3681887e+00   1.1452910e+00
  -1.3728835e+00   1.1462143e+00
  -1.3775566e+00   1.1471947e+00
  -1.3822062e+00   1.1482372e+00
  -1.3868303e+00   1.1493468e+00
  -1.3914272e+00   1.1505284e+00
  -1.3959949e+00   1.1517869e+00
  -1.4005315e+00   1.1531274e+00
  -1.4050352e+00   1.1545547e+00
  -1.4095041e+00   1.1560738e+00
  -1.4139363e+00   1.1576896e+00
  -1.4183307e+00   1.1594051e+00
  -1.4226900e+00   1.1612129e+00
  -1.4270180e+00   1.1631030e+00
  -1.4313184e+00   1.1650651e+00
  -1.4355951e+00   1.1670889e+00
  -1.4398518e+00   1.1691642e+00
  -1.4440923e+00   1.1712808e+00
  -1.4483205e+00   1.1734286e+00
  -1.4525400e+00   1.1755971e+00
  -1.4567547e+00   1.1777764e+00
  -1.4609684e+00   1.1799560e+00
  -1.4651848e+00   1.1821258e+00
  -1.4694078e+00   1.1842756e+00
  -1.4736412e+00   1.1863952e+00
  -1.4778886e+00   1.1884742e+00
  -1.4821540e+00   1.1905026e+00
  -1.4864411e+00   1.1924700e+00
  -1.4907537e+00   1.1943663e+00
  -1.4950955e+00   1.1961813e+00
  -1.4994705e+00   1.1979046e+00
  -1.5038822e+00   1.1995262e+00
  -1.5083325e+00   1.2010414e+00
  -1.5128197e+00   1.2024548e+00
  -1.5173420e+00   1.2037717e+00
  -1.5218973e+00   1.2049971e+00
  -1.5264839e+00   1.2061366e+00
  -1.5310997e+00   1.2071953e+00
  -1.5357429e+00   1.2081785e+00
  -1.5404116e+00   1.2090915e+00
  -1.5451038e+00   1.2099396e+00
  -1.5498176e+00   1.2107280e+00
  -1.5545511e+00   1.2114620e+00
  -1.5593025e+00   1.2121469e+00
  -1.5640697e+00   1.2127880e+00
  -1.5688509e+00   1.2133906e+00
  -1.5736442e+00   1.2139599e+00
  -1.5784476e+00   1.2145012e+00
  -1.5832592e+00   1.2150198e+00
  -1.5880772e+00   1.2155209e+00
  -1.5928996e+00   1.2160099e+00
  -1.5977245e+00   1.2164919e+00
  -1.6025501e+00   1.2169721e+00
  -1.6073757e+00   1.2174523e+00
  -1.6122012e+00   1.2179324e+00
  -1.6170268e+00   1.2184126e+00
  -1.6218524e+00   1.2188927e+00
  -1.6266780e+00   1.2193729e+00
  -1.6315036e+00   1.2198530e+00
  -1.6363292e+00   1.2203332e+00
  -1.6411547e+00   1.2208133e+00
  -1.6459803e+00   1.2212935e+00
  -1.6508059e+00   1.2217736e+00
  -1.6556315e+00   1.2222538e+00
  -1.6604571e+00   1.2227339e+00
  -1.6652827e+00   1.2232141e+00
  -1.6701082e+00   1.2236942e+00
  -1.6749338e+00   1.2241744e+00
  -1.6797594e+00   1.2246545e+00
  -1.6845850e+00   1.2251347e+00
  -1.6894106e+00   1.2256148e+00
  -1.6942362e+00   1.2260950e+00
  -1.6990618e+00   1.2265751e+00
  -1.7038873e+00   1.2270553e+00
  -1.7087129e+00   1.2275354e+00
  -1.7135385e+00   1.2280156e+00
  -1.7183641e+00   1.2284957e+00
  -1.7231897e+00   1.2289759e+00
  -1.7280153e+00   1.2294560e+00
  -1.7328408e+00   1.2299362e+00
  -1.7376664e+00   1.2304163e+00
  -1.7424920e+00   1.2308965e+00
  -1.7473176e+00   1.2313766e+00
  -1.7521432e+00   1.2318568e+00
  -1.7569688e+00   1.2323370e+00
  -1.7617943e+00   1.2328171e+00
  -1.7666199e+00   1.2332973e+00
  -1.7714455e+00   1.2337774e+00
  -1.7762711e+00   1.2342576e+00
  -1.7810967e+00   1.2347377e+00
  -1.7859223e+00   1.2352179e+00
  -1.7907478e+00   1.2356980e+00
  -1.7955734e+00   1.2361782e+00
  -1.8003990e+00   1.2366583e+00
  -1.8052246e+00   1.2371385e+00
  -1.8100502e+00   1.2376186e+00
  -1.8148758e+00   1.2380988e+00
  -1.8197014e+00   1.2385789e+00
  -1.8245269e+00   1.2390591e+00
  -1.8293525e+00   1.2395392e+00
  -1.8341781e+00   1.2400194e+00
  -1.8390037e+00   1.2404995e+00
  -1.8438293e+00   1.2409797e+00
  -1.8486549e+00   1.2414598e+00
  -1.8534804e+00   1.2419400e+00
  -1.8583060e+00   1.2424201e+00
  -1.8631316e+00   1.2429003e+00
  -1.8679572e+00   1.2433804e+00
  -1.8727828e+00   1.2438606e+00
  -1.8776084e+00   1.2443407e+00
  -1.8824339e+00   1.2448209e+00
  -1.8872595e+00   1.2453010e+00
  -1.8920851e+00   1.2457812e+00
  -1.8969107e+00   1.2462613e+00
  -1.9017363e+00   1.2467415e+00
  -1.9065619e+00   1.2472216e+00
  -1.9113874e+00   1.2477018e+00
  -1.9162130e+00   1.2481819e+00
  -1.9210386e+00   1.2486621e+00
  -1.9258642e+00   1.2491422e+00
  -1.9306898e+00   1.2496224e+00
  -1.9355154e+00   1.2501025e+00
  -1.9403410e+00   1.2505827e+00
  -1.9451665e+00   1.2510628e+00
  -1.9499921e+00   1.2515430e+00
  -1.9548177e+00   1.2520231e+00
  -1.9596433e+00   1.2525033e+00
  -1.9644689e+00   1.2529834e+00
  -1.9692945e+00   1.2534636e+00
  -1.9741200e+00   1.2539437e+00
  -1.9789456e+00   1.2544239e+00
  -1.9837712e+00   1.2549040e+00
  -1.9885968e+00   1.2553842e+00
  -1.9934224e+00   1.2558644e+00
  -1.9982480e+00   1.2563445e+00
  -2.0030735e+00   1.2568247e+00
  -2.0078991e+00   1.2573048e+00
  -2.0127247e+00   1.2577850e+00
  -2.0175503e+00   1.2582651e+00
  -2.0223759e+00   1.2587453e+00
  -2.0272015e+00   1.2592254e+00
  -2.0320270e+00   1.2597056e+00
  -2.0368526e+00   1.2601857e+00
  -2.0416782e+00   1.2606659e+00
  -2.0465038e+00   1.2611460e+00
  -2.0513294e+00   1.2616262e+00
  -2.0561550e+00   1.2621063e+00
  -2.0609806e+00   1.2625865e+00
  -2.0658061e+00   1.2630666e+00
  -2.0706317e+00   1.2635468e+00
  -2.0754573e+00   1.2640269e+00
  -2.0802829e+00   1.2645071e+00
  -2.0851085e+00   1.2649872e+00
  -2.0899341e+00   1.2654674e+00
  -2.0947596e+00   1.2659475e+00
  -2.0995852e+00   1.2664277e+00
  -2.1044108e+00   1.2669078e+00
  -2.1092364e+00   1.2673880e+00
  -2.1140620e+00   1.2678681e+00
  -2.1188876e+00   1.2683483e+00
  -2.1237131e+00   1.2688284e+00
  -2.1285387e+00   1.2693086e+00
  -2.1333643e+00   1.2697887e+00
  -2.1381899e+00   1.2702689e+00
  -2.1430155e+00   1.2707490e+00
  -2.1478411e+00   1.2712292e+00
  -2.1526666e+00   1.2717093e+00
  -2.1574922e+00   1.2721895e+00
  -2.1623178e+00   1.2726696e+00
  -2.1671434e+00   1.2731498e+00
  -2.1719690e+00   1.2736299e+00
  -2.1767946e+00   1.2741101e+00
  -2.1816202e+00   1.2745902e+00
  -2.1864457e+00   1.2750704e+00
  -2.1912713e+00   1.2755505e+00
  -2.1960969e+00   1.2760307e+00
  -2.2009225e+00   1.2765108e+00
  -2.2057481e+00   1.2769910e+00
  -2.2105737e+00   1.2774711e+00
  -2.2153992e+00   1.2779513e+00
  -2.2202248e+00   1.2784314e+00
  -2.2250504e+00   1.2789116e+00
  -2.2298760e+00   1.2793918e+00
  -2.2347016e+00   1.2798719e+00
  -2.2395272e+00   1.2803521e+00
  -2.2443527e+00   1.2808322e+00
  -2.2491783e+00   1.2813124e+00
  -2.2540039e+00   1.2817925e+00
  -2.2588295e+00   1.2822727e+00
  -2.2636551e+00   1.2827528e+00
  -2.2684807e+00   1.2832330e+00
  -2.2733062e+00   1.2837131e+00
  -2.2781318e+00   1.2841933e+00
  -2.2829574e+00   1.2846734e+00
  -2.2877830e+00   1.2851536e+00
  -2.2926086e+00   1.2856337e+00
  -2.2974342e+00   1.2861139e+00
  -2.3022598e+00   1.2865940e+00
  -2.3070853e+00   1.2870742e+00
  -2.3119109e+00   1.2875543e+00
  -2.3167365e+00   1.2880345e+00
  -2.3215621e+00   1.2885146e+00
  -2.3263877e+00   1.2889948e+00
  -2.3312133e+00   1.2894749e+00
  -2.3360388e+00   1.2899551e+00
  -2.3408644e+00   1.2904352e+00
  -2.3456900e+00   1.2909154e+00
  -2.3505156e+00   1.2913955e+00
  -2.3553412e+00   1.2918757e+00
  -2.3601668e+00   1.2923558e+00
  -2.3649923e+00   1.2928360e+00
  -2.3698179e+00   1.2933161e+00
  -2.3746435e+00   1.2937963e+00
  -2.3794691e+00   1.2942764e+00
  -2.3842947e+00   1.2947566e+00
  -2.3891203e+00   1.2952367e+00
  -2.3939458e+00   1.2957169e+00
  -2.3987714e+00   1.2961970e+00
  -2.4035970e+00   1.2966772e+00
  -2.4084226e+00   1.2971573e+00
  -2.4132482e+00   1.2976375e+00
  -2.4180738e+00   1.2981176e+00
  -2.4228994e+00   1.2985978e+00
  -2.4277249e+00   1.2990779e+00
  -2.4325505e+00   1.2995581e+00
  -2.4373761e+00   1.3000382e+00
  -2.4422017e+00   1.3005184e+00
  -2.4470273e+00   1.3009985e+00
  -2.4518529e+00   1.3014787e+00
  -2.4566784e+00   1.3019589e+00
  -2.4615040e+00   1.3024390e+00
  -2.4663296e+00   1.3029192e+00
  -2.4711552e+00   1.3033993e+00
  -2.4759808e+00   1.3038795e+00
  -2.4808064e+00   1.3043596e+00
  -2.4856319e+00   1.3048398e+00
  -2.4904575e+00   1.3053199e+00
  -2.4952831e+00   1.3058001e+00
  -2.5001087e+00   1.3062802e+00
  -2.5049343e+00   1.3067604e+00
  -2.5097599e+00   1.3072405e+00
  -2.5145855e+00   1.3077207e+00
  -2.5194110e+00   1.3082008e+00
  -2.5242366e+00   1.3086810e+00
  -2.5290622e+00   1.3091611e+00
  -2.5338878e+00   1.3096413e+00
  -2.5387134e+00   1.3101214e+00
  -2.5435390e+00   1.3106016e+00
  -2.5483645e+00   1.3110817e+00
  -2.5531901e+00   1.3115619e+00
  -2.5580157e+00   1.3120420e+00
  -2.5628413e+00   1.3125222e+00
  -2.5676669e+00   1.3130023e+00
  -2.5724925e+00   1.3134825e+00
  -2.5773180e+00   1.3139626e+00
  -2.5821436e+00   1.3144428e+00
  -2.5869692e+00   1.3149229e+00
  -2.5917948e+00   1.3154031e+00
  -2.5966204e+00   1.3158832e+00
  -2.6014460e+00   1.3163634e+00
  -2.6062715e+00   1.3168435e+00
  -2.6110971e+00   1.3173237e+00
  -2.6159227e+00   1.3178038e+00
  -2.6207483e+00   1.3182840e+00
  -2.6255739e+00   1.3187641e+00
  -2.6303995e+00   1.3192443e+00
  -2.6352251e+00   1.3197244e+00
  -2.6400506e+00   1.3202046e+00
  -2.6448762e+00   1.3206847e+00
  -2.6497018e+00   1.3211649e+00
  -2.6545274e+00   1.3216450e+00
  -2.6593530e+00   1.3221252e+00
  -2.6641786e+00   1.3226053e+00
  -2.6690041e+00   1.3230855e+00
  -2.6738297e+00   1.3235656e+00
  -2.6786553e+00   1.3240458e+00
  -2.6834809e+00   1.3245259e+00
  -2.6883065e+00   1.3250061e+00
  -2.6931321e+00   1.3254863e+00
  -2.6979576e+00   1.3259664e+00
  -2.7027832e+00   1.3264466e+00
  -2.7076088e+00   1.3269267e+00
  -2.7124344e+00   1.3274069e+00
  -2.7172600e+00   1.3278870e+00
  -2.7220856e+00   1.3283672e+00
  -2.7269111e+00   1.3288473e+00
  -2.7317367e+00   1.3293275e+00
  -2.7365623e+00   1.3298076e+00
  -2.7413879e+00   1.3302878e+00
  -2.7462135e+00   1.3307679e+00
  -2.7510391e+00   1.3312481e+00
  -2.7558647e+00   1.3317282e+00
  -2.7606902e+00   1.3322084e+00
  -2.7655158e+00   1.3326885e+00
  -2.7703414e+00   1.3331687e+00
  -2.7751670e+00   1.3336488e+00
  -2.7799926e+00   1.3341290e+00
  -2.7848182e+00   1.3346091e+00
  -2.7896437e+00   1.3350893e+00
  -2.7944693e+00   1.3355694e+00
  -2.7992967e+00   1.3360498e+00
  -2.8041312e+00   1.3365308e+00
  -2.8089783e+00   1.3370131e+00
  -2.8138439e+00   1.3374972e+00
  -2.8187335e+00   1.3379837e+00
  -2.8236528e+00   1.3384732e+00
  -2.8286076e+00   1.3389662e+00
  -2.8336035e+00   1.3394633e+00
  -2.8386461e+00   1.3399651e+00
  -2.8437412e+00   1.3404720e+00
  -2.8488944e+00   1.3409848e+00
  -2.8541114e+00   1.3415039e+00
  -2.8593978e+00   1.3420299e+00
  -2.8647594e+00   1.3425634e+00
  -2.8702018e+00   1.3431049e+00
  -2.8757307e+00   1.3436550e+00
  -2.8813518e+00   1.3442143e+00
  -2.8870706e+00   1.3447834e+00
  -2.8928930e+00   1.3453627e+00
  -2.8988246e+00   1.3459529e+00
  -2.9048705e+00   1.3465545e+00
  -2.9110289e+00   1.3471672e+00
  -2.9172928e+00   1.3477905e+00
  -2.9236551e+00   1.3484236e+00
  -2.9301088e+00   1.3490657e+00
  -2.9366466e+00   1.3497162e+00
  -2.9432617e+00   1.3503744e+00
  -2.9499467e+00   1.3510396e+00
  -2.9566948e+00   1.3517110e+00
  -2.9634987e+00   1.3523880e+00
  -2.9703513e+00   1.3530699e+00
  -2.9772457e+00   1.3537559e+00
  -2.9841746e+00   1.3544453e+00
  -2.9911310e+00   1.3551375e+00
  -2.9981078e+00   1.3558317e+00
  -3.0050979e+00   1.3565272e+00
  -3.0120943e+00   1.3572234e+00
  -3.0190898e+00   1.3579194e+00
  -3.0260773e+00   1.3586147e+00
  -3.0330497e+00   1.3593084e+00
