2.51239857194 3.14469954098
2.46348418373 3.15506209985
2.41594883162 3.13955757469
2.36757280031 3.12691797049
2.32004558836 3.1113885106
2.27251837641 3.09585905072
2.24172900527 3.05646343389
2.19573265516 3.07606791746
2.14821965845 3.06049501971
2.10070666175 3.04492212195
2.06747443163 3.00756413912
2.03351300089 2.97086780113
1.98585740724 2.95573689256
1.93820181359 2.94060598399
1.89054621995 2.92547507542
1.87068881069 2.87958735051
1.82394961659 2.86182650213
1.77617511894 2.84707531999
1.73373861823 2.82063399992
1.68592661778 2.80600482998
1.63811461733 2.79137566005
1.59030261688 2.77674649012
1.59717945654 2.72722165719
1.55009804116 2.71038894127
1.5021307849 2.69627716156
1.45416352863 2.68216538185
1.40619627237 2.66805360214
1.35822901611 2.65394182243
1.31026175984 2.63983004272
1.26710533363 2.61458082735
1.21910036874 2.60059786109
1.17109540384 2.58661489483
1.12309043895 2.57263192856
1.07508547406 2.5586489623
1.02708050916 2.54466599604
0.991769952012 2.50926593172
0.943685357358 2.49555929986
0.895600762703 2.481852668
0.847516168049 2.46814603614
0.799431573395 2.45443940428
0.751346978741 2.44073277242
0.703262384087 2.42702614056
0.655177789433 2.4133195087
0.607093194778 2.39961287684
0.559008600124 2.38590624498
0.51092400547 2.37219961312
0.462839410816 2.35849298126
0.414754816162 2.3447863494
0.364780266104 2.34638145019
0.314887627632 2.34310660266
0.266905341479 2.3290460118
0.218923055325 2.31498542093
0.2022229745 2.362114046
0.154452727718 2.34734910365
0.106682480936 2.33258416131
0.0589122341538 2.31781921897
0.00962500873494 2.32623167464
-0.0380397759323 2.31112974422
-0.0858313837549 2.32582539737
-0.13335596231 2.31028788042
-0.180880540865 2.29475036346
-0.204921439797 2.25090934182
-0.252621680725 2.23591977827
-0.258076757232 2.18621824771
-0.281110421051 2.1418397582
-0.329216051298 2.12820713781
-0.377321681544 2.11457451742
-0.42542731179 2.10094189704
-0.472931890077 2.08534333807
-0.521048009801 2.07174778649
-0.569168113564 2.08532923023
-0.617143667404 2.07124568544
-0.665119221243 2.05716214065
-0.713094775083 2.04307859586
-0.761070328922 2.02899505107
-0.790369526536 1.98847891825
-0.840306417508 1.98596756006
-0.888397119709 1.97228237238
-0.917712661064 1.93177806353
-0.931468044363 1.88370739232
-0.979993662376 1.87165482428
-1.02851928039 1.85960225623
-1.0770448984 1.84754968819
-1.10765330463 1.80801330661
-1.11180866293 1.75818627582
-1.16077545869 1.74807425754
-1.20271134891 1.72084594304
-1.25177404266 1.71120996451
-1.30083673641 1.70157398598
-1.34989943016 1.69193800745
-1.3989621239 1.68230202892
-1.44802481765 1.67266605039
-1.4970875114 1.66303007186
-1.54615020515 1.65339409333
-1.59521289889 1.6437581148
-1.64427559264 1.63412213628
-1.67469580569 1.59444077241
-1.72397458059 1.58597895555
-1.77325335548 1.57751713869
-1.80678392117 1.61460758443
-1.85575119643 1.60449788842
-1.90471847169 1.59438819241
-1.95368574695 1.5842784964
-2.00265302221 1.57416880039
-2.05162029748 1.56405910438
-2.10058757274 1.55394940837
-2.149554848 1.54383971237
-2.19852212326 1.53373001636
-2.24748939853 1.52362032035
-2.28476551057 1.49029628292
-2.33403760461 1.48179565061
-2.38330969864 1.47329501829
-2.43258179267 1.46479438598
-2.47450149912 1.43754116211
-2.51465831907 1.4673309223
-2.56364635893 1.45732232848
-2.61263439879 1.44731373466
-2.66162243866 1.43730514084
-2.71061047852 1.42729654703
-2.75959851839 1.41728795321
-2.80858655825 1.40727935939
-2.85757459812 1.39727076557
-2.90656263798 1.38726217175
-2.95555067785 1.37725357793
-3.00453871771 1.36724498412
-3.04 1.36
