  2.51239857   2.45609516
  2.42096674   2.39378951
  2.36962560   2.34619960
  2.32288589   2.29981786
  2.27847992   2.26028045
  2.24294833   2.22318118
  2.20105336   2.17806519
  2.15484429   2.13166429
  2.10969238   2.09042681
  2.07337893   2.05681239
  2.03910520   2.01883901
  1.99627585   1.97294673
  1.94959359   1.92631371
  1.90477262   1.88800865
  1.87464718   1.85861867
  1.83773649   1.81472840
  1.79167778   1.76940690
  1.74788493   1.72595265
  1.70302906   1.67964058
  1.65621079   1.63279366
  1.61133575   1.59775758
  1.59320007   1.58660933
  1.56994821   1.54748781
  1.52409362   1.50060195
  1.47709608   1.45359021
  1.43008435   1.40657848
  1.38307261   1.35956675
  1.33614003   1.31324723
  1.29124589   1.26937376
  1.24667653   1.22330743
  1.19978363   1.17625928
  1.15273494   1.12921059
  1.10568625   1.08216190
  1.05872266   1.03633467
  1.01627125   0.99725278
  0.97648892   0.95362818
  0.93008374   0.90652037
  0.88295700   0.85939364
  0.83583027   0.81226690
  0.78870354   0.76514017
  0.74157680   0.71801344
  0.69445007   0.67088670
  0.64732333   0.62375997
  0.60019660   0.57663323
  0.55306987   0.52950650
  0.50594313   0.48237976
  0.45881621   0.43519355
  0.41131068   0.38705400
  0.36260570   0.33819418
  0.31403674   0.29026397
  0.26671418   0.24382957
  0.22465610   0.21121196
  0.19818096   0.17968449
  0.15711631   0.13370788
  0.11029856   0.08687125
  0.06329289   0.03943270
  0.01550625  -0.00816048
 -0.03159618  -0.05498950
 -0.07837886  -0.10172292
 -0.12502472  -0.14819187
 -0.16956275  -0.18669684
 -0.20161679  -0.21939128
 -0.23830905  -0.25114960
 -0.25778064  -0.26485666
 -0.27643237  -0.29348013
 -0.31514060  -0.33860719
 -0.36218087  -0.38575400
 -0.40929871  -0.43274852
 -0.45611057  -0.47951547
 -0.50303394  -0.52660813
 -0.55018316  -0.57373760
 -0.59726364  -0.62077528
 -0.64428522  -0.66779515
 -0.69130508  -0.71481487
 -0.73787221  -0.75857099
 -0.77596527  -0.79365146
 -0.81507324  -0.83882660
 -0.86235945  -0.88355398
 -0.90071631  -0.91371477
 -0.92353575  -0.93477448
 -0.95239987  -0.97497355
 -0.99874659  -1.02252608
 -1.04615851  -1.06820827
 -1.08663762  -1.10005848
 -1.10792550  -1.11508889
 -1.12928460  -1.15029585
 -1.17240790  -1.19389908
 -1.21627569  -1.23986749
 -1.26389311  -1.28793579
 -1.31197846  -1.33602114
 -1.36006381  -1.38410649
 -1.40814916  -1.43219184
 -1.45623451  -1.48027719
 -1.50431986  -1.52836254
 -1.55240521  -1.57644788
 -1.60048669  -1.62387009
 -1.64458443  -1.66222096
 -1.68058015  -1.70245381
 -1.72633025  -1.75007073
 -1.77177735  -1.79068319
 -1.80968587  -1.83149547
 -1.85516593  -1.87916185
 -1.90315776  -1.92715368
 -1.95114959  -1.97514551
 -1.99914142  -2.02313734
 -2.04713326  -2.07112917
 -2.09512509  -2.11912100
 -2.14311692  -2.16711284
 -2.19110875  -2.21502899
 -2.23799173  -2.25881883
 -2.27868106  -2.30017754
 -2.32365236  -2.34777883
 -2.37192412  -2.39604812
 -2.41969979  -2.44205847
 -2.46300653  -2.48317639
 -2.50349695  -2.52517274
 -2.54846715  -2.57242908
 -2.59643517  -2.62044126
 -2.64444735  -2.66845344
 -2.69245953  -2.71646562
 -2.74047171  -2.76447781
 -2.78848390  -2.81248999
 -2.83649608  -2.86050217
 -2.88450826  -2.90851461
 -2.93312780  -2.96085775
 -2.99495848   3.14469954
  3.14922346   3.14168659
  3.13382867   3.12699531
  3.11984657   3.11231646
  3.10438964   3.09399586
  3.07955678   3.06756141
  3.06599600   3.06973963
  3.06883549   3.06265064
  3.05487873   3.04524694
  3.03148396   3.01430182
  2.99630447   2.98002445
  2.96774905   2.95909025
  2.95163768   2.94422293
  2.93672713   2.92730747
  2.91259892   2.89403140
  2.87814292   2.86743153
  2.85925729   2.85117706
  2.84144667   2.83008205
  2.81962231   2.81134111
  2.80408147   2.79691260
  2.78973565   2.78130856
  2.76785338   2.74858579
  2.73037321   2.71830483
  2.71004467   2.70278633
  2.69582738   2.68891205
  2.68199672   2.67508138
  2.66816605   2.66125071
  2.65433538   2.64723682
  2.63890218   2.62850435
  2.61781180   2.60903767
  2.60182472   2.59497125
  2.58811904   2.58126683
  2.57441462   2.56756241
  2.56071020   2.55371441
  2.54494502   2.53225457
  2.51781229   2.50634109
  2.49843107   2.49168213
  2.48496533   2.47824853
  2.47153174   2.46481494
  2.45809815   2.45138135
  2.44466456   2.43794776
  2.43123096   2.42451417
  2.41779737   2.41108058
  2.40436378   2.39764699
  2.39093019   2.38421339
  2.37749660   2.37077980
  2.36406301   2.35734770
  2.35111098   2.34698083
  2.34575843   2.34552823
  2.34427740   2.34109873
  2.33567382   2.32898999
  2.32332935   2.32492786
  2.33771326   2.35117938
  2.35373066   2.34817086
  2.34093724   2.33370183
  2.32674120   2.32208840
  2.32175468   2.32255411
  2.31987773   2.31637482
  2.31745114   2.32052452
  2.31914150   2.31298444
  2.30525051   2.29532479
  2.28029415   2.26261915
  2.24850172   2.23691621
  2.22086920   2.19916211
  2.17625030   2.15601142
  2.14138434   2.13235763
  2.12554579   2.11886526
  2.11218297   2.10540770
  2.09832204   2.09094945
  2.08372869   2.07796536
  2.07644377   2.07922636
  2.08057196   2.07675311
  2.07017960   2.06327810
  2.05637660   2.04947511
  2.04257341   2.03503136
  2.02415125   2.00878418
  1.99489906   1.98790428
  1.98429576   1.97885233
  1.96897440   1.95333757
  1.93332391   1.91151271
  1.89234733   1.88006530
  1.87290997   1.86699706
  1.86109082   1.85495902
  1.84639949   1.83249670
  1.81344703   1.79144243
  1.77091352   1.75720693
  1.74874121   1.73929829
  1.72826395   1.71942885
  1.71359386   1.70882976
  1.70410775   1.69938574
  1.69466372   1.68994171
  1.68521970   1.68049768
  1.67577567   1.67105366
  1.66633164   1.66160963
  1.65688762   1.65216560
  1.64744359   1.64271534
  1.63693080   1.62684472
  1.61182461   1.59808367
  1.59017104   1.58557524
  1.58260902   1.58552577
  1.59648492   1.60684689
  1.60857774   1.60461871
  1.59966457   1.59471041
  1.58975626   1.58480211
  1.57984795   1.57489380
  1.56993964   1.56498549
  1.56003134   1.55507718
  1.55012303   1.54516888
  1.54021472   1.53526057
  1.53015616   1.52315048
  1.51190966   1.49883060
  1.48918261   1.48362956
  1.47942496   1.47525931
  1.47103938   1.46561472
  1.45703236   1.44854690
  1.44852588   1.45653519
  1.46193089   1.46023351
  1.45552796   1.45062335
  1.44571874   1.44081413
  1.43590952   1.43100491
  1.42610030   1.42119569
  1.41629108   1.41138647
  1.40648186   1.40157725
  1.39667264   1.39176803
  1.38686337   1.38183473
  1.37616931   1.36920229
